# Verilog Python GroundTruth
0.673934 0.674419 1
0.350498 0.349427 1
0.681315 0.681136 1
0.437636 0.437888 1
0.419476 0.419891 0
0.708977 0.708806 1
0.012827 0.081482 1
0.464974 0.465169 0
0.513966 0.513919 1
0.114132 0.128703 0
0.328257 0.329489 0
0.123868 0.136944 0
0.691333 0.691319 1
0.367367 0.368432 1
0.562818 0.562046 0
0.687730 0.687713 1
0.627288 0.628708 0
0.678965 0.678670 0
0.000000 0.018984 0
0.012964 0.082371 0
0.215884 0.215554 0
0.699749 0.699683 0
0.224332 0.225054 0
0.509305 0.508283 1
0.690977 0.690987 0
0.707326 0.707129 1
0.489019 0.064219 0
0.664230 0.664001 1
0.458373 0.457822 0
0.358140 0.359286 0
0.059327 0.098429 0
0.098153 0.119448 0
0.301394 0.302226 0
0.653279 0.653241 0
0.708469 0.708274 1
0.684144 0.683827 1
0.000000 0.073612 0
0.078503 0.109268 0
0.640185 0.639429 0
0.000000 0.037010 0
0.222074 0.222500 0
0.639066 0.638166 0
0.664374 0.664291 0
0.603915 0.605029 1
0.374629 0.375033 0
0.531390 0.531352 0
0.347504 0.348345 0
0.056040 0.099644 0
0.703818 0.703856 1
0.558411 0.558725 0
0.746534 0.746537 1
0.078566 0.107606 0
0.195428 0.198966 1
0.746451 0.746455 1
0.712051 0.712079 0
0.690475 0.690246 1
0.312502 0.312111 0
0.650921 0.650787 1
0.664081 0.663863 1
0.203739 0.207579 0
0.558923 0.559844 1
0.315175 0.314845 0
0.584421 0.584069 1
0.263997 0.266697 0
0.277251 0.276434 0
0.712685 0.712526 0
0.642206 0.642984 0
0.716217 0.715964 1
0.052582 0.096400 0
0.703649 0.703647 0
0.144223 0.153868 0
0.667017 0.666943 0
0.401525 0.400722 0
0.663327 0.662824 1
0.311892 0.312585 1
0.679720 0.679528 0
0.414270 0.413750 0
0.668314 0.668000 1
0.229295 0.229983 0
0.492881 0.493356 0
0.010641 0.082466 0
0.247675 0.249570 0
0.722120 0.721854 1
0.237928 0.239765 1
0.666253 0.666290 1
0.351480 0.045947 0
0.646792 0.647587 1
0.339158 0.339651 0
0.333280 0.333829 1
0.441167 0.441404 1
0.701741 0.701560 1
0.737924 0.749728 1
0.000000 0.074287 0
0.651930 0.651801 0
0.719441 0.719322 1
0.507179 0.507147 0
0.653239 0.652970 0
0.211944 0.212132 0
0.707211 0.706773 1
0.270255 0.271606 0
0.388844 0.389369 0
0.670795 0.670704 0
0.687637 0.687361 1
0.387178 0.387116 0
0.000000 0.035477 0
0.685545 0.685561 1
0.741354 0.741264 1
0.671419 0.671040 0
0.680355 0.680415 0
0.406164 0.407396 0
0.572320 0.572193 0
0.238517 0.239988 0
0.661446 0.661776 1
0.665598 0.665414 1
0.623281 0.622219 1
0.664844 0.664520 1
0.729143 0.729130 1
0.560846 0.561135 0
0.684510 0.684233 1
0.285933 0.288834 0
0.649669 0.649464 1
0.680223 0.679956 1
0.034474 0.087800 0
0.492701 0.492302 1
0.720481 0.720493 1
0.371881 0.372756 0
0.518279 0.520242 1
0.179205 0.181605 0
0.669824 0.669588 0
0.613841 0.614239 1
0.654001 0.653949 1
0.242256 0.248235 1
0.660339 0.660178 0
0.729230 0.729171 1
0.680785 0.680635 0
0.674091 0.674100 1
0.558813 0.558698 1
0.631530 0.631104 1
0.717380 0.717240 1
0.052705 0.096359 0
0.705217 0.705104 1
0.686693 0.686730 1
0.720496 0.720441 1
0.625626 0.626134 1
0.357221 0.357881 0
0.277332 0.277934 0
0.066792 0.103112 1
0.655293 0.655031 1
0.749134 0.749082 1
0.741603 0.741608 1
0.680187 0.680084 0
0.650060 0.650299 0
0.728633 0.728665 1
0.597078 0.596832 0
0.721571 0.721497 1
0.673582 0.673422 0
0.440509 0.440320 0
0.564620 0.564662 1
0.667184 0.667164 1
0.732432 0.732306 1
0.350195 0.351118 1
0.471700 0.075839 1
0.191218 0.194592 0
0.331455 0.331709 0
0.688999 0.688616 0
0.773606 0.768661 1
0.116457 0.131982 0
0.178133 0.181200 0
0.725019 0.725008 1
0.248119 0.248915 0
0.432269 0.431615 0
0.236545 0.237305 1
0.361026 0.040167 0
0.115408 0.131012 0
0.342474 0.343057 0
0.353144 0.356361 0
0.690297 0.690368 1
0.429434 0.429433 0
0.287052 0.287323 0
0.406170 0.406911 1
0.431243 0.432845 0
0.000000 0.082071 0
0.723204 0.723235 1
0.158771 0.164596 0
0.759898 0.759816 1
0.727053 0.727062 0
0.379716 0.380237 0
0.322170 0.322237 0
0.082164 0.112253 0
0.468808 0.467364 1
0.681201 0.681084 1
0.595306 0.594865 0
0.647701 0.647811 1
0.666827 0.666738 1
0.221526 0.223159 0
0.315823 0.317386 0
0.424712 0.426459 0
0.680190 0.679992 1
0.114928 0.130922 1
0.147242 0.156637 0
0.279073 0.280364 0
0.229158 0.229797 0
0.684746 0.684840 1
0.744529 0.744532 1
0.647926 0.648278 0
0.759533 0.759361 1
0.441388 0.443499 0
0.000000 0.018788 0
0.147421 0.141942 1
0.682637 0.682430 1
0.398263 0.399009 0
0.324443 0.325700 0
0.290075 0.290783 0
0.000000 0.015272 0
0.552413 0.554621 1
0.456647 0.062412 0
0.654678 0.654530 1
0.614148 0.613484 1
0.681756 0.681754 0
0.332438 0.333621 1
0.712017 0.711932 1
0.360064 0.361403 0
0.691408 0.690913 1
0.476526 0.477149 1
0.698624 0.698588 1
0.082816 0.111479 1
0.674268 0.673598 1
0.267862 0.269531 0
0.453744 0.453633 1
0.698491 0.698262 0
0.740825 0.740827 1
0.673141 0.673326 1
0.573777 0.572439 1
0.102606 0.122560 0
0.284229 0.285539 0
0.654511 0.654285 0
0.662693 0.662452 0
0.354415 0.354942 1
0.611804 0.611579 1
0.037217 0.090526 0
0.734318 0.734342 0
0.691247 0.691007 0
0.337065 0.338404 0
0.438422 0.438123 0
0.637888 0.636907 0
0.765886 0.765872 1
0.416360 0.417661 1
0.708458 0.708429 1
0.013037 0.081910 1
0.448083 0.448708 0
0.000000 0.033725 0
0.656899 0.656385 1
0.621083 0.619990 1
0.663527 0.663567 1
0.711410 0.711182 1
0.308794 0.309480 0
0.716793 0.716523 1
0.509915 0.510050 0
0.663472 0.663062 0
0.654282 0.654324 1
0.691081 0.691121 1
0.632512 0.631074 1
0.157673 0.163679 0
0.702409 0.702340 1
0.666264 0.666245 1
0.769404 0.769434 1
0.758828 0.752525 1
0.658612 0.658562 0
0.479789 0.477440 0
0.659998 0.659863 0
0.340589 0.339356 0
0.670487 0.670286 0
0.530313 0.530409 0
0.442852 0.444610 0
0.480776 0.480116 1
0.456418 0.061925 0
0.665762 0.665881 1
0.713549 0.713494 1
0.266945 0.269125 1
0.684959 0.685024 0
0.407171 0.407215 1
0.086887 0.113231 0
0.619853 0.619297 1
0.700516 0.700304 1
0.736469 0.736485 1
0.731406 0.731276 1
0.650609 0.650688 1
0.727476 0.727489 1
0.672246 0.671830 1
0.606650 0.605658 1
0.725358 0.725302 1
0.193862 0.197244 0
0.015722 0.082723 1
0.156131 0.162793 1
0.338740 0.339437 1
0.197733 0.202226 0
0.314541 0.315957 0
0.152934 0.157932 1
0.690941 0.690974 1
0.657023 0.656686 1
0.349225 0.349702 1
0.653714 0.653394 1
0.613766 0.614729 1
0.000000 0.049003 0
0.717392 0.717297 1
0.640132 0.639284 0
0.122070 0.133783 0
0.728882 0.728713 1
0.721955 0.721920 1
0.756275 0.756149 1
0.328709 0.329426 0
0.712349 0.712026 1
0.688288 0.688025 1
0.707900 0.707818 1
0.363739 0.363339 1
0.677730 0.677619 1
0.671498 0.671121 1
0.000000 0.029327 0
0.712989 0.712876 1
0.571388 0.571092 1
0.339845 0.055745 0
0.663184 0.662922 0
0.659365 0.659232 1
0.756356 0.749774 1
0.616238 0.614771 0
0.235300 0.236116 0
0.077913 0.106356 0
0.606472 0.605571 0
0.000000 0.067636 0
0.244282 0.247087 0
0.240580 0.241236 1
0.691577 0.691595 1
0.541396 0.541060 1
0.364836 0.365339 0
0.257275 0.258179 0
0.426312 0.426915 1
0.733275 0.733275 1
0.501131 0.501371 1
0.114338 0.146925 0
0.252908 0.254671 0
0.249771 0.251971 0
0.313162 0.313570 0
0.377919 0.377524 1
0.727694 0.727725 1
0.661593 0.661536 1
0.719827 0.719805 1
0.000000 0.014867 0
0.043156 0.091558 0
0.748125 0.740899 1
0.642372 0.641700 0
0.012781 0.082901 0
0.303307 0.303550 0
0.528126 0.527014 1
0.303232 0.304970 0
0.679275 0.679343 1
0.578629 0.579382 0
0.650895 0.650508 0
0.462845 0.461544 0
0.713532 0.713571 1
0.707304 0.707335 1
0.679371 0.679133 1
0.557159 0.558796 0
0.000000 0.013513 0
0.339283 0.339301 0
0.378582 0.379198 0
0.711272 0.711143 1
0.691871 0.691660 0
0.506718 0.504925 0
0.696817 0.696616 1
0.752018 0.751975 0
0.656704 0.656726 1
0.645689 0.644539 0
0.715766 0.715748 0
0.000000 0.036112 0
0.000000 0.027666 0
0.731193 0.731165 1
0.772518 0.767450 1
0.317304 0.319472 1
0.288450 0.290132 1
0.734922 0.734808 1
0.691888 0.691594 0
0.445407 0.445392 1
0.664274 0.663943 0
0.398867 0.398810 0
0.472354 0.470664 0
0.562073 0.561556 1
0.406927 0.408801 0
0.661213 0.661086 0
0.679842 0.679638 1
0.605473 0.605381 1
0.675689 0.675865 1
0.718793 0.718650 1
0.211556 0.214352 0
0.185597 0.189058 0
0.672244 0.672188 1
0.737996 0.738019 1
0.644281 0.644739 1
0.495017 0.494638 1
0.202688 0.204967 1
0.190126 0.194193 1
0.469638 0.468174 0
0.031408 0.089078 0
0.363911 0.365636 1
0.302308 0.301858 0
0.757101 0.756964 1
0.123542 0.135796 0
0.430909 0.432794 0
0.377893 0.378294 0
0.686307 0.686224 1
0.757659 0.757581 1
0.350516 0.352002 0
0.586784 0.586030 0
0.695984 0.695848 1
0.672545 0.672266 1
0.736260 0.736123 0
0.694762 0.694692 1
0.724763 0.724684 1
0.591783 0.593079 1
0.715353 0.715449 0
0.381632 0.381420 0
0.663207 0.663171 1
0.034536 0.088359 1
0.385962 0.385453 0
0.643730 0.643950 1
0.672382 0.671695 0
0.314661 0.315382 0
0.695459 0.695369 1
0.663420 0.663533 1
0.712857 0.712535 1
0.439442 0.060616 0
0.653708 0.653565 1
0.000000 0.017806 0
0.601577 0.601768 0
0.000000 0.047830 0
0.649574 0.649202 1
0.055950 0.098235 0
0.299076 0.299084 0
0.267826 0.269335 0
0.514206 0.514897 1
0.357299 0.359141 0
0.398504 0.054412 0
0.642761 0.642119 0
0.743958 0.743982 1
0.458952 0.458307 0
0.274528 0.275451 0
0.687389 0.687383 0
0.472059 0.471172 0
0.542356 0.542044 1
0.122360 0.135108 0
0.684286 0.684177 0
0.334014 0.334707 1
0.341050 0.341538 1
0.547082 0.546775 1
0.480003 0.068099 0
0.593054 0.593442 1
0.410429 0.410341 0
0.522658 0.522241 0
0.668269 0.667803 0
0.668015 0.667804 1
0.719266 0.719232 1
0.194960 0.197401 0
0.735926 0.735868 1
0.660230 0.660065 1
0.652877 0.652746 0
0.000000 0.019931 0
0.653121 0.652874 0
0.687572 0.687171 1
0.654358 0.654065 1
0.115529 0.130815 0
0.516378 0.516401 0
0.679645 0.679555 0
0.000000 0.019304 0
0.504322 0.505262 0
0.705804 0.705697 1
0.696274 0.696230 1
0.118019 0.133302 0
0.091559 0.115283 0
0.296523 0.295893 0
0.224006 0.226787 1
0.459409 0.460654 0
0.000000 0.077065 1
0.538583 0.538469 0
0.655800 0.655332 1
0.702808 0.702696 1
0.458049 0.456859 1
0.532962 0.533743 0
0.678241 0.678502 1
0.471741 0.074279 0
0.496529 0.495560 1
0.564653 0.564563 1
0.662647 0.662458 1
0.668750 0.668580 1
0.360338 0.361308 0
0.232553 0.232189 1
0.670127 0.670005 1
0.141109 0.148355 0
0.666784 0.666475 0
0.123160 0.135817 0
0.290244 0.290216 0
0.598267 0.599241 0
0.706099 0.706118 1
0.662780 0.662757 1
0.898093 0.008533 0
0.000000 0.077583 1
0.396288 0.395832 1
0.651080 0.650877 1
0.274414 0.274760 0
0.271662 0.274705 0
0.390581 0.391055 0
0.715213 0.715263 1
0.000000 0.029169 0
0.758054 0.757996 1
0.409633 0.410218 1
0.699606 0.699519 1
0.023591 0.085577 0
0.319864 0.320681 0
0.713448 0.713239 1
0.637325 0.637655 1
0.460861 0.461874 1
0.192738 0.197477 0
0.049372 0.094180 0
0.730891 0.730842 0
0.650820 0.650384 0
0.715612 0.715529 1
0.000000 0.025255 0
0.673184 0.673209 1
0.674545 0.674448 0
0.702042 0.702074 1
0.599309 0.600272 1
0.462481 0.464671 0
0.184596 0.189731 0
0.000000 0.030288 0
0.511887 0.512908 1
0.621649 0.621199 1
0.321422 0.323256 0
0.274084 0.274122 0
0.723134 0.723165 1
0.327673 0.328130 0
0.126343 0.140748 0
0.653080 0.652797 0
0.450438 0.451728 0
0.686271 0.685886 1
0.519068 0.518432 1
0.675460 0.675234 1
0.245251 0.247162 0
0.237441 0.237998 0
0.349120 0.038353 0
0.457534 0.455778 0
0.666175 0.666155 0
0.560277 0.561604 1
0.679463 0.679414 1
0.667014 0.667256 0
0.000000 0.038339 0
0.318091 0.318747 1
0.649250 0.649032 1
0.697901 0.697866 1
0.669357 0.669194 0
0.724588 0.724516 0
0.276443 0.277992 1
0.711283 0.711331 0
0.503753 0.503284 0
0.422328 0.423137 1
0.627809 0.626788 0
0.653452 0.653254 0
0.459980 0.057624 0
0.055978 0.091511 0
0.261916 0.263705 0
0.757479 0.757468 1
0.588775 0.589532 0
0.368603 0.370852 0
0.646392 0.645917 1
0.502237 0.501396 1
0.308919 0.309807 0
0.706537 0.706530 1
0.494759 0.495584 1
0.668668 0.668652 1
0.699276 0.698812 0
0.443768 0.445164 1
0.637034 0.637298 1
0.678263 0.677964 1
0.753254 0.753229 1
0.670929 0.670487 1
0.706016 0.705933 1
0.660934 0.660666 1
0.304533 0.305218 0
0.652109 0.652002 1
0.755554 0.755524 1
0.273364 0.274335 0
0.731842 0.731869 1
0.695861 0.695725 0
0.564714 0.564576 0
0.506694 0.507481 0
0.723278 0.723068 0
0.693912 0.693615 1
0.097491 0.089733 0
0.235718 0.236143 0
0.694968 0.694968 1
0.324029 0.323127 0
0.719527 0.719551 1
0.629669 0.629344 0
0.740225 0.740156 1
0.705956 0.705992 1
0.012952 0.082172 0
0.034220 0.088329 0
0.608107 0.607863 1
0.583531 0.582022 1
0.436588 0.437679 1
0.342861 0.343452 0
0.360555 0.360716 0
0.255241 0.256721 0
0.711240 0.711091 1
0.732836 0.732833 1
0.490434 0.489130 0
0.667567 0.667494 0
0.716470 0.716496 1
0.724907 0.724894 1
0.000000 0.018404 0
0.258687 0.261587 0
0.585179 0.584815 0
0.720191 0.720131 0
0.228358 0.229867 1
0.472250 0.471708 1
0.146180 0.155340 0
0.672143 0.672060 1
0.684715 0.684583 1
0.452743 0.455144 1
0.381187 0.381817 0
0.325454 0.326987 0
0.595439 0.594782 1
0.070382 0.095350 0
0.130317 0.140780 0
0.329206 0.329656 0
0.427064 0.066995 0
0.258005 0.260167 0
0.539435 0.540950 1
0.691166 0.691044 1
0.269329 0.271252 1
0.708047 0.707998 0
0.678787 0.678607 0
0.410711 0.411605 1
0.598675 0.598656 1
0.175575 0.179657 0
0.000000 0.072526 0
0.683505 0.683448 0
0.704373 0.704408 1
0.195579 0.179338 1
0.000000 0.035437 0
0.362212 0.362495 0
0.673251 0.672620 1
0.509201 0.509817 0
0.342645 0.344230 1
0.652078 0.652059 0
0.163022 0.168631 1
0.746611 0.746619 1
0.740664 0.740656 1
0.655769 0.655422 1
0.610389 0.610450 0
0.493933 0.494967 0
0.675923 0.675869 0
0.417706 0.418159 0
0.356280 0.357245 1
0.433495 0.433886 1
0.710217 0.710046 1
0.647088 0.646775 0
0.613271 0.613476 1
0.010531 0.080573 0
0.729979 0.729926 1
0.000000 0.023314 0
0.037283 0.090162 1
0.721676 0.721477 1
0.153734 0.159085 0
0.730368 0.730326 1
0.530668 0.529567 1
0.402987 0.404773 1
0.188475 0.193948 1
0.078810 0.108923 0
0.508304 0.510634 0
0.381613 0.381394 0
0.000000 0.084789 0
0.316223 0.316548 0
0.557409 0.555937 1
0.672187 0.672025 1
0.299417 0.300773 0
0.435108 0.437424 0
0.196981 0.202664 1
0.411912 0.411530 1
0.460852 0.460510 1
0.615225 0.614613 0
0.660908 0.660715 1
0.685630 0.685558 1
0.707866 0.707886 1
0.454085 0.454880 0
0.708158 0.708010 1
0.669734 0.669512 1
0.395951 0.050632 0
0.283036 0.283185 0
0.679917 0.679966 0
0.000000 0.021081 0
0.749573 0.740491 1
0.522534 0.523384 0
0.495238 0.496053 1
0.000000 0.018345 0
0.640391 0.639313 0
0.686351 0.686413 1
0.549434 0.549051 1
0.185135 0.188812 1
0.699272 0.699145 1
0.673467 0.673266 1
0.460041 0.064072 0
0.393426 0.393188 0
0.522754 0.522782 1
0.605494 0.604921 0
0.682695 0.682520 1
0.000000 0.046025 0
0.440807 0.441913 0
0.713982 0.714003 1
0.577394 0.577390 1
0.566631 0.565675 1
0.564465 0.565676 0
0.689002 0.688886 1
0.421726 0.422401 1
0.460017 0.062591 0
0.670451 0.670286 1
0.403071 0.402815 1
0.710116 0.710166 1
0.473022 0.473497 0
0.659184 0.658845 1
0.581822 0.580844 0
0.727955 0.736638 1
0.673604 0.673293 1
0.440307 0.440533 0
0.736084 0.736056 1
0.393753 0.392749 0
0.195407 0.200110 1
0.647457 0.647319 1
0.587982 0.588058 1
0.453619 0.457400 0
0.671555 0.671457 1
0.403589 0.403032 0
0.478265 0.478007 0
0.709662 0.709500 1
0.520509 0.520712 0
0.703920 0.703737 1
0.421881 0.420319 0
0.358235 0.358216 1
0.557105 0.556912 1
0.644739 0.644373 1
0.566082 0.565014 0
0.245537 0.244814 0
0.644466 0.643648 1
0.693685 0.693501 1
0.390553 0.391733 1
0.000000 0.037640 0
0.320970 0.322142 0
0.707610 0.707470 0
0.672771 0.672593 1
0.679910 0.679765 1
0.026007 0.076687 0
0.671200 0.670705 0
0.752835 0.752835 1
0.000000 0.012470 0
0.304146 0.304521 1
0.269016 0.269112 0
0.738088 0.738096 1
0.402009 0.401119 1
0.719844 0.719646 1
0.474998 0.475888 1
0.233753 0.232508 0
0.679243 0.679157 1
0.555454 0.555823 0
0.507269 0.505712 0
0.576021 0.576460 0
0.658204 0.658160 1
0.591807 0.591683 0
0.730642 0.730622 1
0.501893 0.502717 0
0.078371 0.108041 0
0.669955 0.669932 1
0.348810 0.349215 0
0.602720 0.603472 1
0.216403 0.217987 0
0.366679 0.367591 0
0.677187 0.676977 0
0.722701 0.722761 1
0.489387 0.492221 1
0.674296 0.674172 0
0.306547 0.306041 0
0.675427 0.675340 1
0.394427 0.395649 0
0.252304 0.254195 0
0.659707 0.659436 0
0.270051 0.271203 1
0.640891 0.640002 1
0.669451 0.669308 0
0.737095 0.736918 1
0.385089 0.385911 0
0.160499 0.167321 0
0.698317 0.698236 1
0.618970 0.618672 0
0.690410 0.690350 0
0.728844 0.728876 1
0.271262 0.270672 1
0.753519 0.753504 1
0.719304 0.719321 0
0.533055 0.533590 1
0.212406 0.212627 1
0.266489 0.269511 0
0.315543 0.316857 0
0.525823 0.526418 0
0.587188 0.585654 1
0.664120 0.663913 1
0.493084 0.493562 1
0.475289 0.066447 0
0.658340 0.658143 1
0.712907 0.712753 1
0.722021 0.721968 1
0.292618 0.290907 0
0.655532 0.655383 1
0.686583 0.686266 0
0.656383 0.656297 1
0.514844 0.515286 0
0.313592 0.315045 0
0.654895 0.654943 1
0.456477 0.457187 1
0.465932 0.463343 0
0.429905 0.432234 0
0.539037 0.539763 0
0.669482 0.669513 1
0.092744 0.117505 0
0.000000 0.020877 0
0.000000 0.032804 0
0.667317 0.667156 0
0.224596 0.226318 0
0.435887 0.436216 1
0.700888 0.700908 1
0.697180 0.696889 1
0.313472 0.314768 1
0.328872 0.330017 0
0.666164 0.666138 1
0.776116 0.771745 1
0.737520 0.737458 1
0.675466 0.675032 0
0.737347 0.737339 1
0.664133 0.663989 0
0.652080 0.651891 1
0.706430 0.706290 0
0.623672 0.622778 0
0.504358 0.504923 1
0.467181 0.466301 1
0.548892 0.548622 0
0.598905 0.597807 0
0.567239 0.567460 1
0.420070 0.417740 1
0.550613 0.550732 1
0.690662 0.690666 0
0.575757 0.576115 0
0.460318 0.061721 1
0.440300 0.440177 0
0.745523 0.745284 1
0.659370 0.659126 0
0.690050 0.690245 1
0.739969 0.739990 1
0.697537 0.697346 1
0.098228 0.121198 0
0.691465 0.691334 0
0.402122 0.402583 0
0.439641 0.439669 0
0.415753 0.417715 1
0.404898 0.405578 0
0.316259 0.317000 0
0.465622 0.466121 1
0.686312 0.686203 1
0.716361 0.716231 1
0.374848 0.376953 0
0.020559 0.085394 0
0.000000 0.070902 0
0.701926 0.701755 1
0.436235 0.054804 0
0.684919 0.684823 1
0.679554 0.679587 1
0.703692 0.703614 1
0.660666 0.660776 1
0.000000 0.015051 0
0.556946 0.557602 0
0.619940 0.620987 0
0.332726 0.333549 0
0.678800 0.678550 1
0.558056 0.558677 0
0.336251 0.334879 1
0.479984 0.478504 1
0.698916 0.698594 1
0.597293 0.596831 1
0.734476 0.734413 1
0.763770 0.763882 1
0.658843 0.658505 0
0.125971 0.139522 0
0.670164 0.670074 0
0.530913 0.530369 0
0.546418 0.545126 0
0.596830 0.596543 1
0.317764 0.318867 1
0.655426 0.655092 0
0.737726 0.737591 1
0.538675 0.538797 1
0.419570 0.420608 0
0.370716 0.058656 0
0.346611 0.347023 0
0.642665 0.644058 1
0.239076 0.239798 0
0.667496 0.667164 0
0.744210 0.744189 1
0.000591 0.077943 0
0.444512 0.445386 1
0.519143 0.519011 0
0.000000 0.088336 0
0.534540 0.532618 1
0.385159 0.385673 0
0.698755 0.698666 0
0.103824 0.124057 0
0.659137 0.658852 1
0.590040 0.589386 1
0.351158 0.351039 1
0.684935 0.684693 1
0.295438 0.295118 0
0.651985 0.651964 1
0.066360 0.100444 0
0.682481 0.682327 1
0.625189 0.624095 0
0.566821 0.566677 1
0.321427 0.322115 0
0.461283 0.462462 0
0.358800 0.357780 0
0.000000 0.014540 0
0.470550 0.469262 0
0.746607 0.746608 1
0.729889 0.729841 1
0.484161 0.067961 0
0.000000 0.039029 0
0.639105 0.638234 0
0.671711 0.671715 1
0.267574 0.269115 0
0.052536 0.095677 0
0.764302 0.764379 1
0.673333 0.673388 1
0.360607 0.359887 0
0.294065 0.294487 0
0.087623 0.114898 0
0.000000 0.038175 0
0.714846 0.714569 1
0.383491 0.382494 0
0.697573 0.697671 0
0.706256 0.706013 1
0.426820 0.427707 0
0.734374 0.734397 1
0.434066 0.434751 1
0.435230 0.436204 1
0.350375 0.352346 0
0.720690 0.720745 1
0.729189 0.729214 1
0.000000 0.076869 0
0.479515 0.065961 0
0.662155 0.662084 1
0.707678 0.707700 1
0.355463 0.356913 0
0.189310 0.196810 1
0.447090 0.445467 1
0.530284 0.530033 1
0.290455 0.289429 0
0.307971 0.309869 0
0.494409 0.495518 0
0.028875 0.085375 0
0.604505 0.605223 1
0.657860 0.657657 1
0.436354 0.068730 0
0.629158 0.630676 0
0.736090 0.736123 1
0.682841 0.682847 1
0.294069 0.294948 0
0.681118 0.680754 0
0.671487 0.671496 0
0.155646 0.194989 1
0.720744 0.720708 1
0.037312 0.088485 0
0.395712 0.063477 0
0.163044 0.170460 0
0.725951 0.725981 1
0.648245 0.647155 1
0.298507 0.298501 0
0.692380 0.692270 1
0.774702 0.769946 1
0.355345 0.356081 1
0.238790 0.241915 0
0.486176 0.484441 0
0.668621 0.668260 0
0.410475 0.410575 0
0.256631 0.255928 0
0.665086 0.664605 0
0.000000 0.018159 0
0.132572 0.141792 0
0.708651 0.708640 1
0.320617 0.322199 1
0.686226 0.685954 1
0.672791 0.672824 1
0.000000 0.020341 0
0.729697 0.729375 0
0.650317 0.650115 0
0.270794 0.271105 0
0.173734 0.175975 0
0.508731 0.509101 1
0.654110 0.653867 0
0.652683 0.652694 1
0.121858 0.134782 0
0.701885 0.701511 0
0.710611 0.710416 1
0.595626 0.594398 1
0.564119 0.564411 1
0.741288 0.741265 0
0.000000 0.021498 0
0.659525 0.659185 1
0.703544 0.703568 1
0.691320 0.690894 1
0.142395 0.152043 0
0.484716 0.484407 0
0.000000 0.053863 0
0.185899 0.190455 0
0.000000 0.075500 0
0.533495 0.533022 1
0.462985 0.462297 1
0.514501 0.514545 0
0.730316 0.730220 1
0.710899 0.710857 1
0.694922 0.694623 0
0.697720 0.697640 1
0.189745 0.194954 1
0.659326 0.659016 1
0.707524 0.707539 1
0.224393 0.224231 0
0.586669 0.585972 0
0.588911 0.588661 1
0.082286 0.085509 0
0.670907 0.670589 0
0.319128 0.322187 1
0.342706 0.343693 1
0.000000 0.044310 0
0.719884 0.719780 1
0.729016 0.728982 0
0.542928 0.540758 0
0.624585 0.623847 0
0.748992 0.748984 1
0.609759 0.608975 0
0.351991 0.353960 0
0.698893 0.698847 1
0.194462 0.197041 1
0.511819 0.511500 1
0.571308 0.570816 1
0.700052 0.699953 1
0.369405 0.369932 0
0.711920 0.711587 1
0.396131 0.396153 0
0.653510 0.652895 0
0.263859 0.263906 0
0.136266 0.148419 0
0.374522 0.375928 1
0.722984 0.723010 0
0.708283 0.707985 1
0.634508 0.632458 1
0.329697 0.331793 0
0.655601 0.655450 1
0.255578 0.255343 1
0.000000 0.019249 0
0.670193 0.669838 1
0.441518 0.440042 1
0.693523 0.693396 1
0.133634 0.144213 0
0.323393 0.324470 1
0.561052 0.560848 1
0.216211 0.216970 0
0.331738 0.332106 0
0.364567 0.365170 1
0.504768 0.505204 1
0.737458 0.747929 1
0.123760 0.137816 1
0.459956 0.459009 1
0.429586 0.429887 0
0.658142 0.657904 1
0.248600 0.250037 0
0.599669 0.600296 1
0.650911 0.650968 0
0.676018 0.675869 0
0.581303 0.581291 1
0.491177 0.492479 1
0.715558 0.715564 1
0.539691 0.538842 0
0.405667 0.404960 1
0.668945 0.668571 0
0.423727 0.424228 0
0.740211 0.740177 1
0.676435 0.676253 0
0.677048 0.676716 1
0.373278 0.374573 0
0.324986 0.325835 0
0.678346 0.678120 0
0.714334 0.713912 1
0.517829 0.517959 1
0.282965 0.283787 0
0.664820 0.664899 1
0.663142 0.663045 1
0.630065 0.629227 1
0.405149 0.404565 0
0.195741 0.200509 0
0.552878 0.554274 0
0.360759 0.050793 0
0.431927 0.431647 0
0.448623 0.449454 0
0.725305 0.725112 1
0.203119 0.207846 0
0.674067 0.673761 1
0.414092 0.414222 0
0.375027 0.374590 0
0.656773 0.656504 0
0.728740 0.728609 1
0.639505 0.639998 1
0.687327 0.687266 0
0.664770 0.664098 0
0.403890 0.403989 1
0.524424 0.524540 0
0.142941 0.152062 0
0.367384 0.365714 1
0.335954 0.336119 1
0.270062 0.274458 0
0.719724 0.719753 1
0.474831 0.476694 0
0.330309 0.330555 0
0.097328 0.117841 0
0.541035 0.543210 0
0.694680 0.694511 1
0.465577 0.466340 0
0.049405 0.095272 0
0.699223 0.699018 0
0.684075 0.684018 1
0.360783 0.050574 0
0.182017 0.187405 1
0.490419 0.491682 0
0.651578 0.651295 1
0.371589 0.372458 1
0.743887 0.743900 1
0.288326 0.288863 0
0.261203 0.262826 0
0.664311 0.664298 1
0.498858 0.500188 0
0.323075 0.323766 1
0.664260 0.663752 1
0.442627 0.061148 0
0.716950 0.716871 1
0.638467 0.636521 1
0.729024 0.728949 1
0.623336 0.623566 1
0.634833 0.634543 0
0.376956 0.377388 0
0.471862 0.064957 0
0.211388 0.211996 1
0.341575 0.341921 0
0.730933 0.730955 0
0.243355 0.245268 1
0.219056 0.218747 0
0.177987 0.180257 0
0.231754 0.233289 0
0.082670 0.109291 0
0.662121 0.662047 1
0.360438 0.361683 1
0.551560 0.552386 1
0.693390 0.693353 1
0.055894 0.096940 0
0.302671 0.304221 1
0.731296 0.731299 1
0.472663 0.473408 1
0.455701 0.457681 1
0.402739 0.402600 0
0.000000 0.031812 0
0.180532 0.183653 0
0.694391 0.693990 1
0.452770 0.067178 0
0.674326 0.674165 1
0.244505 0.246434 0
0.584488 0.585491 0
0.000000 0.036051 0
0.000000 0.020393 0
0.176787 0.181092 0
0.256090 0.255883 1
0.664633 0.664310 1
0.695454 0.695433 1
0.579459 0.580621 0
0.733124 0.733142 0
0.656071 0.655763 1
0.277629 0.279548 0
0.257732 0.257630 0
0.542994 0.543532 0
0.686898 0.686899 1
0.415482 0.416966 0
0.445680 0.445974 0
0.198345 0.200718 1
0.690081 0.690088 1
0.738717 0.738674 1
0.447687 0.449887 1
0.636001 0.635275 1
0.000000 0.075831 0
0.351284 0.051211 0
0.567096 0.565376 0
0.687018 0.686797 0
0.634634 0.633415 1
0.346170 0.347294 0
0.298054 0.301065 1
0.710535 0.710650 1
0.000000 0.017947 0
0.326575 0.326897 1
0.718241 0.718177 1
0.695725 0.695663 1
0.723157 0.723136 1
0.681068 0.681056 1
0.393940 0.394879 0
0.650384 0.650026 1
0.390714 0.391322 0
0.757212 0.757042 1
0.163113 0.170953 0
0.380216 0.381395 0
0.722538 0.722499 0
0.647154 0.645874 1
0.723354 0.723251 1
0.629515 0.628887 1
0.410788 0.410514 0
0.613683 0.614003 1
0.592183 0.592252 0
0.455303 0.455944 0
0.115847 0.130599 0
0.463816 0.465013 1
0.646506 0.645710 1
0.396994 0.396844 1
0.573346 0.573217 1
0.743575 0.743451 1
0.570610 0.569251 0
0.654804 0.654253 1
0.714756 0.714708 0
0.608580 0.607396 1
0.694262 0.693808 1
0.564224 0.563685 1
0.203043 0.208448 0
0.765951 0.760929 1
0.648260 0.647810 1
0.241952 0.240445 0
0.657902 0.657755 0
0.212881 0.213884 0
0.694433 0.694385 1
0.338033 0.338237 0
0.572600 0.571838 1
0.658252 0.658024 1
0.542127 0.543087 1
0.444998 0.444799 1
0.332720 0.333819 0
0.159023 0.165610 1
0.000000 0.021782 0
0.377528 0.379216 1
0.479159 0.479131 1
0.507096 0.506751 1
0.092912 0.116596 0
0.000000 0.033455 0
0.638715 0.638499 0
0.390972 0.394498 1
0.758567 0.758513 1
0.621451 0.621756 0
0.756984 0.756974 1
0.538375 0.539465 0
0.508577 0.506235 0
0.695126 0.694780 1
0.000000 0.046252 0
0.404924 0.406636 1
0.542522 0.542516 1
0.713933 0.713773 1
0.673590 0.673160 1
0.160742 0.166989 0
0.655319 0.655065 1
0.771857 0.766723 1
0.741132 0.741164 1
0.000000 0.013448 0
0.000000 0.050377 0
0.656848 0.656577 0
0.000000 0.047418 0
0.297339 0.298530 1
0.463780 0.464399 0
0.715848 0.715705 1
0.702749 0.702804 0
0.651690 0.651573 1
0.000000 0.071551 0
0.000000 0.072146 0
0.713010 0.712974 0
0.550264 0.550618 1
0.519434 0.520612 1
0.644565 0.644034 1
0.710938 0.710965 0
0.759321 0.759219 1
0.504864 0.503865 0
0.627219 0.625948 1
0.579009 0.579058 0
0.693478 0.693330 0
0.393545 0.394995 1
0.760528 0.760444 1
0.727752 0.727760 1
0.610749 0.609599 1
0.382780 0.384910 0
0.223554 0.224186 0
0.658564 0.658911 0
0.000000 0.077678 0
0.692684 0.692309 1
0.109005 0.125430 0
0.390811 0.062485 0
0.414782 0.413280 0
0.489317 0.489504 1
0.199477 0.204791 0
0.297321 0.298960 0
0.613549 0.612911 1
0.222537 0.221137 0
0.747365 0.747363 1
0.658700 0.658085 1
0.708243 0.708153 0
0.509318 0.508982 1
0.662186 0.662177 0
0.160416 0.167216 0
0.579342 0.577643 1
0.674655 0.674945 1
0.667653 0.667549 1
0.553945 0.553991 0
0.660600 0.660161 0
0.213490 0.215248 0
0.524925 0.525897 0
0.241108 0.242990 1
0.702813 0.702624 0
0.000000 0.025861 0
0.538719 0.538834 1
0.319131 0.319613 0
0.092769 0.135467 0
0.681388 0.681204 1
0.749271 0.749142 1
0.684588 0.684582 1
0.646279 0.645766 1
0.497140 0.496645 0
0.667011 0.666699 1
0.580048 0.581079 1
0.210520 0.212030 1
0.381870 0.382949 1
0.481546 0.480115 0
0.704092 0.703911 0
0.381804 0.383658 0
0.592446 0.007402 0
0.188271 0.191625 0
0.467758 0.067093 0
0.114380 0.129179 0
0.565861 0.566283 1
0.702499 0.702604 1
0.707226 0.706984 0
0.000000 0.022418 0
0.654681 0.654312 1
0.478406 0.478395 0
0.344572 0.046948 0
0.672358 0.672034 1
0.411228 0.411541 1
0.000000 0.023668 0
0.483001 0.482889 1
0.725514 0.725422 1
0.678441 0.677665 1
0.717991 0.717900 1
0.691825 0.691491 1
0.328676 0.328693 1
0.333391 0.334615 1
0.697930 0.697821 1
0.517266 0.520937 1
0.000000 0.032615 0
0.131512 0.141293 0
0.092158 0.115758 0
0.690518 0.690415 1
0.725324 0.725301 1
0.026058 0.086238 0
0.457382 0.458117 1
0.721135 0.721043 1
0.340246 0.046208 0
0.698931 0.698597 1
0.733179 0.733204 0
0.000000 0.035489 0
0.372884 0.053329 0
0.600743 0.602684 1
0.515300 0.513934 1
0.655214 0.654698 1
0.391974 0.392102 0
0.135117 0.145515 0
0.471356 0.064495 0
0.697076 0.696703 1
0.656162 0.655745 1
0.702679 0.702675 0
0.659938 0.659640 1
0.108678 0.125087 1
0.707611 0.707568 1
0.624249 0.622861 1
0.655279 0.654923 0
0.366507 0.367477 1
0.404308 0.404661 0
0.701330 0.701315 1
0.212445 0.211699 0
0.321146 0.321808 1
0.330223 0.332057 1
0.507800 0.508045 1
0.706574 0.706345 1
0.696495 0.696321 1
0.659332 0.659535 1
0.622493 0.622282 1
0.649285 0.649064 0
0.674307 0.673759 0
0.617614 0.616265 1
0.257148 0.256378 0
0.637216 0.636532 1
0.771701 0.766533 1
0.374434 0.375073 1
0.367426 0.368434 0
0.190791 0.193931 0
0.746809 0.746786 1
0.688761 0.688679 1
0.706762 0.706650 1
0.250976 0.252013 0
0.362511 0.362938 0
0.181851 0.185697 0
0.196864 0.199942 0
0.153378 0.164723 0
0.271062 0.271377 0
0.711999 0.712012 1
0.601190 0.601389 0
0.401786 0.402653 1
0.000000 0.013357 0
0.187392 0.192523 0
0.000000 0.044862 0
0.486841 0.487768 0
0.754225 0.746124 0
0.620620 0.618951 0
0.464907 0.467860 0
0.702164 0.701964 0
0.411584 0.411411 0
0.584039 0.583105 0
0.174943 0.180031 0
0.710003 0.709855 1
0.744617 0.744545 1
0.709579 0.709604 1
0.712200 0.711896 1
0.000000 0.016937 0
0.669544 0.669431 1
0.731151 0.731090 1
0.000000 0.075525 0
0.103696 0.123573 1
0.254437 0.255692 0
0.692414 0.692029 1
0.398992 0.400821 0
0.000000 0.024328 0
0.643348 0.643096 0
0.182319 0.184568 0
0.656509 0.656041 1
0.743131 0.743142 0
0.342837 0.343622 0
0.705693 0.705474 0
0.584846 0.584756 0
0.343128 0.345207 0
0.000000 0.042604 0
0.664923 0.664824 0
0.294012 0.294456 0
0.697404 0.697354 0
0.636974 0.636744 1
0.031568 0.088100 0
0.670509 0.670050 1
0.717670 0.717615 1
0.000000 0.021757 0
0.464615 0.465219 1
0.422956 0.423876 1
0.406830 0.407934 0
0.017918 0.077944 0
0.431541 0.430926 0
0.342744 0.345889 0
0.698940 0.698838 0
0.389136 0.390557 0
0.732530 0.732537 1
0.703392 0.703048 1
0.707386 0.707180 1
0.300259 0.301433 1
0.368889 0.368392 0
0.445785 0.445911 1
0.210361 0.211711 1
0.560265 0.560415 1
0.210748 0.213789 0
0.691096 0.690933 1
0.692325 0.692285 1
0.699273 0.699058 1
0.684425 0.684088 1
0.308853 0.307606 1
0.317982 0.317430 0
0.663757 0.663507 1
0.633366 0.633077 0
0.380126 0.380306 0
0.354957 0.355460 1
0.663034 0.662721 1
0.258981 0.260040 1
0.701329 0.701049 1
0.527077 0.527660 0
0.356959 0.357087 0
0.066402 0.101225 0
0.650791 0.650502 0
0.314497 0.315898 0
0.738293 0.738322 1
0.015639 0.081777 0
0.656677 0.656822 1
0.669729 0.669570 0
0.078537 0.109047 0
0.499378 0.500138 1
0.704895 0.704647 1
0.566005 0.565639 0
0.690476 0.690042 1
0.183010 0.188703 1
0.258096 0.259146 0
0.300890 0.301503 0
0.718537 0.718295 1
0.655696 0.655472 1
0.000000 0.030362 0
0.730308 0.730281 1
0.671495 0.671489 1
0.685369 0.685219 1
0.280192 0.282694 0
0.691674 0.691400 1
0.454728 0.455850 0
0.000000 0.040401 0
0.382459 0.383864 1
0.000000 0.070691 0
0.384074 0.386943 1
0.681431 0.681301 0
0.699431 0.699334 1
0.703175 0.703096 1
0.358867 0.358877 0
0.684847 0.684479 1
0.066295 0.104116 1
0.383159 0.053163 0
0.252112 0.252329 1
0.368351 0.050964 0
0.235866 0.235348 1
0.373156 0.374203 1
0.627889 0.628216 1
0.226853 0.226054 0
0.180123 0.184350 1
0.000000 0.033777 0
0.270797 0.271399 0
0.359279 0.359852 0
0.746843 0.746846 1
0.664298 0.664158 0
0.244016 0.244695 0
0.710743 0.710559 1
0.290324 0.290581 0
0.383152 0.053803 0
0.256459 0.259606 1
0.257545 0.258561 0
0.493456 0.494652 1
0.677138 0.677057 0
0.606641 0.606279 1
0.346318 0.346902 0
0.523351 0.525766 0
0.231829 0.233122 0
0.561038 0.560283 0
0.743942 0.743950 1
0.000000 0.030550 0
0.695762 0.695661 1
0.726819 0.726841 1
0.251078 0.251770 0
0.251241 0.251210 0
0.705155 0.705070 1
0.730355 0.730249 1
0.669518 0.669280 0
0.644088 0.643516 1
0.651101 0.650305 0
0.234271 0.234214 0
0.256889 0.257506 1
0.092003 0.114568 0
0.636174 0.635486 1
0.568022 0.567554 1
0.336253 0.336622 0
0.547954 0.548522 0
0.091206 0.116442 0
0.482258 0.481916 0
0.677556 0.677791 0
0.238383 0.240505 1
0.680395 0.679945 0
0.668254 0.667961 0
0.000000 0.078736 0
0.153716 0.161650 1
0.449645 0.450214 1
0.122029 0.135544 0
0.676637 0.676277 1
0.713990 0.713806 1
0.673604 0.673601 1
0.175938 0.180394 0
0.160464 0.166569 0
0.370517 0.371069 0
0.518897 0.518745 0
0.148209 0.158035 0
0.712335 0.712355 1
0.000000 0.013333 0
0.261564 0.261628 1
0.665060 0.664941 0
0.510227 0.509562 0
0.712994 0.712905 1
0.000000 0.070199 0
0.101724 0.121613 0
0.525605 0.526666 0
0.639069 0.638922 1
0.427741 0.427264 0
0.387572 0.388677 1
0.215498 0.218589 0
0.398753 0.054249 0
0.652488 0.652329 1
0.000000 0.075788 0
0.361625 0.362974 1
0.612197 0.612580 1
0.122580 0.135323 0
0.659832 0.659846 1
0.649315 0.649707 1
0.191112 0.194773 0
0.000000 0.041010 0
0.661438 0.660929 0
0.467770 0.060208 0
0.294857 0.297370 0
0.663111 0.662895 0
0.458895 0.462522 0
0.000000 0.047653 0
0.000000 0.046852 0
0.082673 0.111331 0
0.505785 0.505621 0
0.238095 0.240433 0
0.650939 0.650724 1
0.649693 0.650021 1
0.185960 0.191674 0
0.381146 0.382701 1
0.674089 0.673914 1
0.692620 0.692260 0
0.710984 0.710921 1
0.043129 0.091695 0
0.186040 0.188955 0
0.211867 0.212229 0
0.322071 0.322952 1
0.676847 0.676954 1
0.484803 0.486378 1
0.258865 0.263307 1
0.704114 0.703988 1
0.717133 0.717152 0
0.688771 0.688576 0
0.409950 0.410606 1
0.677559 0.677398 1
0.652925 0.652960 0
0.745224 0.745221 1
0.717900 0.717819 1
0.662512 0.662300 1
0.656941 0.656698 0
0.558478 0.559108 0
0.722843 0.722874 1
0.704217 0.704223 1
0.346787 0.345657 0
0.459285 0.458554 1
0.680908 0.680635 1
0.282544 0.284939 1
0.661485 0.661366 0
0.651525 0.651251 0
0.486124 0.484616 0
0.663573 0.663403 1
0.388150 0.053116 0
0.625374 0.623210 1
0.278081 0.280118 0
0.436246 0.436211 0
0.223855 0.224126 0
0.738704 0.738611 1
0.331566 0.334549 1
0.692939 0.692792 0
0.034311 0.089481 0
0.740154 0.740167 1
0.676427 0.676355 0
0.393485 0.054198 0
0.670015 0.669410 1
0.514519 0.515488 0
0.723939 0.723933 0
0.250182 0.250956 0
0.486822 0.487222 0
0.000000 0.024066 0
0.358271 0.359345 0
0.691024 0.691119 1
0.309921 0.309127 1
0.623956 0.623107 0
0.305770 0.306850 0
0.386981 0.387496 1
0.343348 0.344068 0
0.653167 0.653090 0
0.181272 0.184855 0
0.668460 0.668090 0
0.692983 0.692804 1
0.278182 0.279760 0
0.690724 0.690489 1
0.698757 0.698591 0
0.110625 0.119300 0
0.428473 0.428113 0
0.687285 0.687095 0
0.496287 0.496882 1
0.380245 0.381867 0
0.574325 0.576441 0
0.336350 0.337146 0
0.347770 0.347289 1
0.718222 0.718259 1
0.709266 0.709138 1
0.705550 0.705583 1
0.381945 0.381741 1
0.625002 0.624392 1
0.351226 0.352142 0
0.673281 0.673083 1
0.680776 0.680545 1
0.273468 0.274337 1
0.201741 0.206473 0
0.000000 0.030023 0
0.746051 0.746028 1
0.182615 0.186384 1
0.508243 0.508201 1
0.686559 0.686437 1
0.448752 0.449696 0
0.617161 0.616713 0
0.000000 0.015069 0
0.394988 0.395048 0
0.665901 0.666171 1
0.723516 0.723329 1
0.306864 0.306588 0
0.438227 0.437969 1
0.666232 0.666100 1
0.532371 0.531668 0
0.453643 0.455302 1
0.000000 0.021279 0
0.329279 0.330122 0
0.000000 0.077305 0
0.730194 0.730164 1
0.052707 0.095162 0
0.551692 0.552143 1
0.290807 0.292292 0
0.616095 0.616480 1
0.685078 0.684959 0
0.609480 0.609054 1
0.672465 0.671971 0
0.241406 0.244388 0
0.092033 0.115437 0
0.646587 0.646341 0
0.336394 0.336243 1
0.681179 0.680919 1
0.667772 0.667809 0
0.300774 0.302911 0
0.669653 0.669595 0
0.570237 0.569353 1
0.304770 0.304872 0
0.107859 0.124472 1
0.533315 0.532011 0
0.565371 0.565242 0
0.676978 0.676658 1
0.255410 0.257982 1
0.430752 0.431017 0
0.750146 0.750148 1
0.315041 0.315441 0
0.280071 0.280508 0
0.330547 0.330485 0
0.505075 0.504550 0
0.000000 0.031125 0
0.349730 0.351137 0
0.309449 0.311435 0
0.591566 0.590607 1
0.534895 0.533985 1
0.625310 0.624692 1
0.696933 0.696876 0
0.732354 0.732390 1
0.176461 0.178708 1
0.000000 0.049533 0
0.031649 0.087399 0
0.686901 0.686744 1
0.227659 0.228161 0
0.743531 0.743330 1
0.700827 0.700861 1
0.722860 0.722847 1
0.729979 0.729910 1
0.258700 0.260009 0
0.087467 0.084836 0
0.698281 0.698103 0
0.631463 0.632595 1
0.381263 0.382243 0
0.242094 0.241794 1
0.681284 0.681104 0
0.597693 0.597868 0
0.602217 0.601763 0
0.091176 0.086931 0
0.690492 0.690303 1
0.182781 0.188537 0
0.479919 0.481637 1
0.382742 0.382887 0
0.191337 0.194018 0
0.697795 0.697628 1
0.665396 0.665103 1
0.459959 0.458430 0
0.536417 0.536825 0
0.385896 0.387069 0
0.303760 0.304149 1
0.643817 0.643755 0
0.708073 0.707937 1
0.702605 0.702537 1
0.596414 0.595451 1
0.417458 0.417298 1
0.483346 0.483043 0
0.548625 0.548134 1
0.623456 0.623296 1
0.695504 0.695477 1
0.002943 0.080577 0
0.000000 0.015116 0
0.697767 0.697586 1
0.487239 0.487219 1
0.654336 0.653970 0
0.342290 0.343478 0
0.538011 0.538240 0
0.714833 0.714661 1
0.715351 0.715063 1
0.247427 0.248814 1
0.573645 0.574323 0
0.647029 0.645790 0
0.215745 0.215967 0
0.418889 0.419326 0
0.660430 0.660659 1
0.666237 0.666014 0
0.341699 0.343555 0
0.586390 0.586089 1
0.399926 0.399649 0
0.420081 0.522357 0
0.716499 0.716536 0
0.696587 0.696500 1
0.693619 0.693428 1
0.561993 0.562383 0
0.597340 0.597055 0
0.397521 0.397404 0
0.462484 0.462284 0
0.661031 0.660906 1
0.399197 0.399076 0
0.329226 0.330980 0
0.552245 0.551472 1
0.189260 0.194349 0
0.305232 0.307390 0
0.547056 0.545109 1
0.655708 0.655962 1
0.544935 0.545799 1
0.086889 0.112402 0
0.193479 0.198655 0
0.475618 0.072301 0
0.650946 0.650519 1
0.694263 0.694121 1
0.383244 0.385029 1
0.494871 0.497118 1
0.579286 0.580603 0
0.415336 0.416602 1
0.299761 0.300196 0
0.685930 0.685674 1
0.540215 0.539669 0
0.399464 0.398469 0
0.486325 0.488656 0
0.479097 0.480201 1
0.678255 0.678251 0
0.552751 0.551682 1
0.643060 0.643070 1
0.654548 0.654499 0
0.597058 0.597176 1
0.715048 0.714877 1
0.078761 0.108257 0
0.713958 0.713674 1
0.472365 0.472299 1
0.320520 0.322695 0
0.333504 0.336154 1
0.404422 0.404770 1
0.652980 0.652476 1
0.679224 0.678878 0
0.000000 0.016138 0
0.688400 0.688419 1
0.678302 0.678136 1
0.159643 0.166479 0
0.395676 0.396830 0
0.000000 0.028354 0
0.639628 0.638549 1
0.536322 0.537671 1
0.287859 0.289454 1
0.717629 0.717445 1
0.706094 0.705978 1
0.463813 0.072794 0
0.506698 0.506788 1
0.663885 0.663921 1
0.000000 0.018463 0
0.639831 0.639912 1
0.647284 0.647000 0
0.651526 0.651632 0
0.676176 0.675935 1
0.734853 0.734864 1
0.350176 0.348891 0
0.603405 0.603434 0
0.626227 0.624765 0
0.000000 0.036349 0
0.727982 0.727957 1
0.429025 0.429602 0
0.052757 0.095339 0
0.428708 0.429407 0
0.591438 0.592389 0
0.559083 0.558476 1
0.385899 0.386278 1
0.641958 0.641565 1
0.334294 0.334515 0
0.663364 0.663319 1
0.661253 0.660919 1
0.000000 0.078399 0
0.262842 0.264101 0
0.558924 0.557862 1
0.701753 0.701668 0
0.680297 0.680187 1
0.211071 0.213140 0
0.689602 0.689258 1
0.205526 0.211110 0
0.107943 0.126262 0
0.342046 0.343199 1
0.694875 0.694877 1
0.413620 0.413869 0
0.103470 0.122251 0
0.731757 0.731523 0
0.638360 0.637289 1
0.164713 0.170614 0
0.711077 0.711079 1
0.398480 0.398259 0
0.701790 0.701643 1
0.606185 0.605330 0
0.672697 0.672367 1
0.468478 0.468835 0
0.675341 0.674994 1
0.000000 0.039606 0
0.408893 0.408449 0
0.724479 0.724434 1
0.018137 0.082130 0
0.676146 0.676402 1
0.710571 0.710392 1
0.000000 0.075788 0
0.592414 0.593034 0
0.375144 0.061899 0
0.387893 0.390297 0
0.381617 0.383755 1
0.221900 0.223096 1
0.561445 0.562372 0
0.720032 0.720073 1
0.428392 0.427469 0
0.666714 0.666447 1
0.369543 0.369248 0
0.000000 0.038756 0
0.515667 0.514663 0
0.130297 0.141121 0
0.547256 0.547706 1
0.240026 0.241520 1
0.579654 0.577845 1
0.716161 0.716194 1
0.301444 0.303060 0
0.335755 0.335087 0
0.640302 0.639289 1
0.649142 0.649519 1
0.507479 0.506534 1
0.618451 0.616782 1
0.513702 0.513792 0
0.158126 0.163453 0
0.697541 0.697507 0
0.148329 0.159420 0
0.693252 0.693309 1
0.405358 0.405679 1
0.175235 0.178785 0
0.000000 0.026653 0
0.388649 0.388961 0
0.662854 0.662757 1
0.724500 0.724516 1
0.658362 0.658170 0
0.000000 0.072121 0
0.176159 0.178840 0
0.226986 0.229293 0
0.672867 0.672682 0
0.727165 0.727188 1
0.728782 0.728669 1
0.176872 0.197932 1
0.449241 0.448776 0
0.650201 0.650510 1
0.746019 0.745712 1
0.708941 0.708841 0
0.688185 0.688069 0
0.628140 0.625749 0
0.645777 0.644682 1
0.665292 0.665049 0
0.706002 0.705672 1
0.665522 0.665154 0
0.707351 0.707274 0
0.156875 0.163825 0
0.665447 0.665107 1
0.675544 0.675350 1
0.667991 0.667874 1
0.109743 0.127008 0
0.660055 0.659780 1
0.752436 0.752434 1
0.447144 0.447957 1
0.394318 0.394580 0
0.486176 0.485584 0
0.712856 0.712792 1
0.707004 0.706753 1
0.696783 0.696769 1
0.731364 0.731383 0
0.000000 0.036630 0
0.330100 0.331432 1
0.654476 0.654246 1
0.688814 0.688522 0
0.677690 0.677750 1
0.687468 0.687495 1
0.486702 0.487211 0
0.273489 0.275411 0
0.129543 0.139666 0
0.212923 0.214396 1
0.683437 0.683150 1
0.459193 0.460703 0
0.664202 0.664065 1
0.157025 0.163120 1
0.670106 0.670721 1
0.052668 0.094596 1
0.354114 0.355966 0
0.695271 0.695115 1
0.723617 0.723541 1
0.615321 0.613537 1
0.404628 0.404080 0
0.210947 0.211547 0
0.633400 0.632986 1
0.533160 0.533616 0
0.144274 0.154270 0
0.619746 0.620922 1
0.087111 0.112833 0
0.531211 0.531079 0
0.323868 0.325085 0
0.364324 0.367370 1
0.405752 0.405823 1
0.697488 0.697488 1
0.685674 0.685443 1
0.356135 0.357894 1
0.608728 0.607988 0
0.155296 0.160724 0
0.729865 0.729901 1
0.000000 0.046557 0
0.670097 0.670469 1
0.769854 0.769688 1
0.703342 0.703229 1
0.148861 0.157596 0
0.447835 0.447616 1
0.361654 0.362443 0
0.345341 0.347710 0
0.672448 0.672697 1
0.764112 0.758878 1
0.320504 0.320882 0
0.692813 0.692506 1
0.715667 0.715698 1
0.003102 0.079758 0
0.092181 0.115714 0
0.670822 0.670674 1
0.449310 0.449028 0
0.701691 0.701679 1
0.327948 0.329651 0
0.694580 0.694510 0
0.494617 0.492518 0
0.415468 0.416418 1
0.708004 0.707985 0
0.695526 0.695552 1
0.710691 0.710805 1
0.313472 0.314659 1
0.393269 0.053698 0
0.657200 0.657068 0
0.275146 0.276538 0
0.655093 0.655127 0
0.665518 0.665159 1
0.353562 0.354215 0
0.725518 0.725260 1
0.723098 0.723117 1
0.675963 0.675706 0
0.688626 0.688526 0
0.675281 0.675003 0
0.581234 0.580304 1
0.704287 0.704101 1
0.026230 0.082950 0
0.610999 0.609403 0
0.161139 0.169139 1
0.323868 0.325539 0
0.290441 0.294002 1
0.391052 0.390541 0
0.667221 0.667252 1
0.157160 0.163542 0
0.670038 0.669782 0
0.584824 0.586078 0
0.362966 0.053097 0
0.680322 0.680189 0
0.000000 0.036475 1
0.742242 0.742229 1
0.698010 0.697963 0
0.661826 0.661847 1
0.212669 0.212839 0
0.074225 0.106431 0
0.459735 0.461134 1
0.175978 0.179722 0
0.713521 0.713488 1
0.572278 0.571612 1
0.712727 0.712598 1
0.605692 0.604639 1
0.384888 0.386184 1
0.433164 0.052600 0
0.066781 0.079076 0
0.690999 0.691015 1
0.682806 0.683054 1
0.166144 0.173370 1
0.410201 0.410059 0
0.000000 0.082678 0
0.346914 0.348496 1
0.210533 0.211806 0
0.225613 0.225633 0
0.553367 0.552370 1
0.277435 0.280005 1
0.236672 0.237842 0
0.703372 0.703274 0
0.699112 0.698980 1
0.619369 0.619357 0
0.770073 0.764697 1
0.223877 0.225775 0
0.767429 0.767431 1
0.657929 0.657691 1
0.321381 0.322968 0
0.604477 0.603757 1
0.694352 0.694215 1
0.710059 0.709953 1
0.501592 0.501821 1
0.225579 0.224315 0
0.470435 0.471315 0
0.629468 0.628926 0
0.693991 0.693796 1
0.566420 0.566795 0
0.710154 0.709938 1
0.285988 0.287001 0
0.293683 0.294717 0
0.670466 0.670183 1
0.693605 0.693374 1
0.457180 0.459170 0
0.662684 0.662786 1
0.662182 0.661923 1
0.412498 0.411367 1
0.677050 0.676997 1
0.691438 0.691303 1
0.730558 0.730381 1
0.669993 0.670114 0
0.270105 0.270516 0
0.695763 0.695874 1
0.727582 0.727601 1
0.202865 0.207618 0
0.657557 0.657311 0
0.157564 0.163190 0
0.719970 0.719757 0
0.456435 0.457108 0
0.694325 0.693915 1
0.142154 0.148924 0
0.699040 0.698786 1
0.695306 0.694998 1
0.240961 0.241773 0
0.626099 0.625890 1
0.289993 0.290109 0
0.751004 0.750937 0
0.240274 0.241444 0
0.581123 0.582554 0
0.270425 0.271218 1
0.369490 0.370664 1
0.466920 0.465827 1
0.433050 0.058410 0
0.706383 0.706378 1
0.656505 0.656494 0
0.671441 0.671216 0
0.604820 0.605938 0
0.364756 0.364507 0
0.691599 0.691490 1
0.424638 0.424814 1
0.691087 0.691096 1
0.722837 0.722840 1
0.706868 0.706791 1
0.543924 0.544686 1
0.752756 0.752730 1
0.423675 0.423229 0
0.713994 0.713979 1
0.678988 0.678831 1
0.623920 0.623028 1
0.519991 0.520926 1
0.640839 0.640364 1
0.710324 0.710022 1
0.685460 0.685264 1
0.662408 0.662092 1
0.693070 0.693087 1
0.696566 0.696173 1
0.096496 0.117623 1
0.489130 0.489008 0
0.147258 0.160329 0
0.025914 0.087299 0
0.732747 0.732598 1
0.659771 0.659591 1
0.673275 0.672930 1
0.658981 0.659042 0
0.670278 0.670177 0
0.446096 0.069383 0
0.283925 0.285185 1
0.659915 0.659957 0
0.578278 0.577926 1
0.102841 0.122281 0
0.663699 0.663391 1
0.438326 0.440386 1
0.074690 0.106178 0
0.644785 0.644366 1
