
============================================================
Camada: embedding
Shape: (1, 120, 4)
============================================================

[[[-0.001307, -0.000741,  0.000569, -0.007892],
  [-0.001307, -0.000741,  0.000569, -0.007892],
  [-0.001307, -0.000741,  0.000569, -0.007892],
  [-0.001307, -0.000741,  0.000569, -0.007892],
  [-0.001307, -0.000741,  0.000569, -0.007892],
  [-0.001307, -0.000741,  0.000569, -0.007892],
  [-0.001307, -0.000741,  0.000569, -0.007892],
  [-0.001307, -0.000741,  0.000569, -0.007892],
  [-0.001307, -0.000741,  0.000569, -0.007892],
  [-0.001307, -0.000741,  0.000569, -0.007892],
  [-0.001307, -0.000741,  0.000569, -0.007892],
  [-0.001307, -0.000741,  0.000569, -0.007892],
  [-0.001307, -0.000741,  0.000569, -0.007892],
  [-0.001307, -0.000741,  0.000569, -0.007892],
  [-0.001307, -0.000741,  0.000569, -0.007892],
  [-0.001307, -0.000741,  0.000569, -0.007892],
  [-0.001307, -0.000741,  0.000569, -0.007892],
  [-0.001307, -0.000741,  0.000569, -0.007892],
  [-0.001307, -0.000741,  0.000569, -0.007892],
  [-0.001307, -0.000741,  0.000569, -0.007892],
  [-0.001307, -0.000741,  0.000569, -0.007892],
  [-0.001307, -0.000741,  0.000569, -0.007892],
  [-0.001307, -0.000741,  0.000569, -0.007892],
  [-0.001307, -0.000741,  0.000569, -0.007892],
  [-0.001307, -0.000741,  0.000569, -0.007892],
  [-0.001307, -0.000741,  0.000569, -0.007892],
  [-0.001307, -0.000741,  0.000569, -0.007892],
  [-0.001307, -0.000741,  0.000569, -0.007892],
  [-0.001307, -0.000741,  0.000569, -0.007892],
  [-0.001307, -0.000741,  0.000569, -0.007892],
  [-0.001307, -0.000741,  0.000569, -0.007892],
  [-0.001307, -0.000741,  0.000569, -0.007892],
  [-0.001307, -0.000741,  0.000569, -0.007892],
  [-0.001307, -0.000741,  0.000569, -0.007892],
  [-0.001307, -0.000741,  0.000569, -0.007892],
  [-0.001307, -0.000741,  0.000569, -0.007892],
  [-0.001307, -0.000741,  0.000569, -0.007892],
  [-0.001307, -0.000741,  0.000569, -0.007892],
  [-0.001307, -0.000741,  0.000569, -0.007892],
  [-0.001307, -0.000741,  0.000569, -0.007892],
  [-0.001307, -0.000741,  0.000569, -0.007892],
  [-0.001307, -0.000741,  0.000569, -0.007892],
  [-0.001307, -0.000741,  0.000569, -0.007892],
  [-0.001307, -0.000741,  0.000569, -0.007892],
  [-0.001307, -0.000741,  0.000569, -0.007892],
  [-0.001307, -0.000741,  0.000569, -0.007892],
  [-0.001307, -0.000741,  0.000569, -0.007892],
  [-0.001307, -0.000741,  0.000569, -0.007892],
  [-0.001307, -0.000741,  0.000569, -0.007892],
  [-0.001307, -0.000741,  0.000569, -0.007892],
  [-0.001307, -0.000741,  0.000569, -0.007892],
  [-0.001307, -0.000741,  0.000569, -0.007892],
  [-0.001307, -0.000741,  0.000569, -0.007892],
  [-0.001307, -0.000741,  0.000569, -0.007892],
  [-0.001307, -0.000741,  0.000569, -0.007892],
  [-0.001307, -0.000741,  0.000569, -0.007892],
  [-0.001307, -0.000741,  0.000569, -0.007892],
  [-0.001307, -0.000741,  0.000569, -0.007892],
  [-0.001307, -0.000741,  0.000569, -0.007892],
  [-0.001307, -0.000741,  0.000569, -0.007892],
  [-0.001307, -0.000741,  0.000569, -0.007892],
  [-0.001307, -0.000741,  0.000569, -0.007892],
  [-0.001307, -0.000741,  0.000569, -0.007892],
  [-0.001307, -0.000741,  0.000569, -0.007892],
  [-0.001307, -0.000741,  0.000569, -0.007892],
  [-0.001307, -0.000741,  0.000569, -0.007892],
  [-0.001307, -0.000741,  0.000569, -0.007892],
  [-0.001307, -0.000741,  0.000569, -0.007892],
  [-0.001307, -0.000741,  0.000569, -0.007892],
  [-0.001307, -0.000741,  0.000569, -0.007892],
  [-0.001307, -0.000741,  0.000569, -0.007892],
  [-0.001307, -0.000741,  0.000569, -0.007892],
  [-0.001307, -0.000741,  0.000569, -0.007892],
  [-0.001307, -0.000741,  0.000569, -0.007892],
  [-0.001307, -0.000741,  0.000569, -0.007892],
  [-0.001307, -0.000741,  0.000569, -0.007892],
  [-0.001307, -0.000741,  0.000569, -0.007892],
  [-0.001307, -0.000741,  0.000569, -0.007892],
  [-0.001307, -0.000741,  0.000569, -0.007892],
  [-0.001307, -0.000741,  0.000569, -0.007892],
  [-0.001307, -0.000741,  0.000569, -0.007892],
  [-0.001307, -0.000741,  0.000569, -0.007892],
  [-0.001307, -0.000741,  0.000569, -0.007892],
  [-0.001307, -0.000741,  0.000569, -0.007892],
  [-0.001307, -0.000741,  0.000569, -0.007892],
  [-0.001307, -0.000741,  0.000569, -0.007892],
  [-0.001307, -0.000741,  0.000569, -0.007892],
  [-0.001307, -0.000741,  0.000569, -0.007892],
  [-0.001307, -0.000741,  0.000569, -0.007892],
  [-0.001307, -0.000741,  0.000569, -0.007892],
  [-0.001307, -0.000741,  0.000569, -0.007892],
  [-0.001307, -0.000741,  0.000569, -0.007892],
  [-0.001307, -0.000741,  0.000569, -0.007892],
  [-0.001307, -0.000741,  0.000569, -0.007892],
  [-0.001307, -0.000741,  0.000569, -0.007892],
  [-0.001307, -0.000741,  0.000569, -0.007892],
  [-0.001307, -0.000741,  0.000569, -0.007892],
  [-0.001307, -0.000741,  0.000569, -0.007892],
  [-0.001307, -0.000741,  0.000569, -0.007892],
  [-0.001307, -0.000741,  0.000569, -0.007892],
  [-0.001307, -0.000741,  0.000569, -0.007892],
  [-0.001307, -0.000741,  0.000569, -0.007892],
  [-0.001307, -0.000741,  0.000569, -0.007892],
  [-0.001307, -0.000741,  0.000569, -0.007892],
  [-0.001307, -0.000741,  0.000569, -0.007892],
  [-0.001307, -0.000741,  0.000569, -0.007892],
  [-0.001307, -0.000741,  0.000569, -0.007892],
  [-0.001307, -0.000741,  0.000569, -0.007892],
  [-0.001307, -0.000741,  0.000569, -0.007892],
  [-0.001307, -0.000741,  0.000569, -0.007892],
  [-0.001307, -0.000741,  0.000569, -0.007892],
  [-0.001307, -0.000741,  0.000569, -0.007892],
  [-0.001307, -0.000741,  0.000569, -0.007892],
  [-0.001307, -0.000741,  0.000569, -0.007892],
  [-0.001307, -0.000741,  0.000569, -0.007892],
  [-0.001307, -0.000741,  0.000569, -0.007892],
  [ 0.018506, -0.007621, -0.008532,  0.011503],
  [ 0.323833, -0.29266 , -0.293259,  0.283789],
  [-0.003909, -0.011529,  0.006471,  0.010684],
  [-0.054607,  0.082784,  0.032175, -0.043509]]]


============================================================
Camada: spatial_dropout1d
Shape: (1, 120, 4)
============================================================

[[[-0.001307, -0.000741,  0.000569, -0.007892],
  [-0.001307, -0.000741,  0.000569, -0.007892],
  [-0.001307, -0.000741,  0.000569, -0.007892],
  [-0.001307, -0.000741,  0.000569, -0.007892],
  [-0.001307, -0.000741,  0.000569, -0.007892],
  [-0.001307, -0.000741,  0.000569, -0.007892],
  [-0.001307, -0.000741,  0.000569, -0.007892],
  [-0.001307, -0.000741,  0.000569, -0.007892],
  [-0.001307, -0.000741,  0.000569, -0.007892],
  [-0.001307, -0.000741,  0.000569, -0.007892],
  [-0.001307, -0.000741,  0.000569, -0.007892],
  [-0.001307, -0.000741,  0.000569, -0.007892],
  [-0.001307, -0.000741,  0.000569, -0.007892],
  [-0.001307, -0.000741,  0.000569, -0.007892],
  [-0.001307, -0.000741,  0.000569, -0.007892],
  [-0.001307, -0.000741,  0.000569, -0.007892],
  [-0.001307, -0.000741,  0.000569, -0.007892],
  [-0.001307, -0.000741,  0.000569, -0.007892],
  [-0.001307, -0.000741,  0.000569, -0.007892],
  [-0.001307, -0.000741,  0.000569, -0.007892],
  [-0.001307, -0.000741,  0.000569, -0.007892],
  [-0.001307, -0.000741,  0.000569, -0.007892],
  [-0.001307, -0.000741,  0.000569, -0.007892],
  [-0.001307, -0.000741,  0.000569, -0.007892],
  [-0.001307, -0.000741,  0.000569, -0.007892],
  [-0.001307, -0.000741,  0.000569, -0.007892],
  [-0.001307, -0.000741,  0.000569, -0.007892],
  [-0.001307, -0.000741,  0.000569, -0.007892],
  [-0.001307, -0.000741,  0.000569, -0.007892],
  [-0.001307, -0.000741,  0.000569, -0.007892],
  [-0.001307, -0.000741,  0.000569, -0.007892],
  [-0.001307, -0.000741,  0.000569, -0.007892],
  [-0.001307, -0.000741,  0.000569, -0.007892],
  [-0.001307, -0.000741,  0.000569, -0.007892],
  [-0.001307, -0.000741,  0.000569, -0.007892],
  [-0.001307, -0.000741,  0.000569, -0.007892],
  [-0.001307, -0.000741,  0.000569, -0.007892],
  [-0.001307, -0.000741,  0.000569, -0.007892],
  [-0.001307, -0.000741,  0.000569, -0.007892],
  [-0.001307, -0.000741,  0.000569, -0.007892],
  [-0.001307, -0.000741,  0.000569, -0.007892],
  [-0.001307, -0.000741,  0.000569, -0.007892],
  [-0.001307, -0.000741,  0.000569, -0.007892],
  [-0.001307, -0.000741,  0.000569, -0.007892],
  [-0.001307, -0.000741,  0.000569, -0.007892],
  [-0.001307, -0.000741,  0.000569, -0.007892],
  [-0.001307, -0.000741,  0.000569, -0.007892],
  [-0.001307, -0.000741,  0.000569, -0.007892],
  [-0.001307, -0.000741,  0.000569, -0.007892],
  [-0.001307, -0.000741,  0.000569, -0.007892],
  [-0.001307, -0.000741,  0.000569, -0.007892],
  [-0.001307, -0.000741,  0.000569, -0.007892],
  [-0.001307, -0.000741,  0.000569, -0.007892],
  [-0.001307, -0.000741,  0.000569, -0.007892],
  [-0.001307, -0.000741,  0.000569, -0.007892],
  [-0.001307, -0.000741,  0.000569, -0.007892],
  [-0.001307, -0.000741,  0.000569, -0.007892],
  [-0.001307, -0.000741,  0.000569, -0.007892],
  [-0.001307, -0.000741,  0.000569, -0.007892],
  [-0.001307, -0.000741,  0.000569, -0.007892],
  [-0.001307, -0.000741,  0.000569, -0.007892],
  [-0.001307, -0.000741,  0.000569, -0.007892],
  [-0.001307, -0.000741,  0.000569, -0.007892],
  [-0.001307, -0.000741,  0.000569, -0.007892],
  [-0.001307, -0.000741,  0.000569, -0.007892],
  [-0.001307, -0.000741,  0.000569, -0.007892],
  [-0.001307, -0.000741,  0.000569, -0.007892],
  [-0.001307, -0.000741,  0.000569, -0.007892],
  [-0.001307, -0.000741,  0.000569, -0.007892],
  [-0.001307, -0.000741,  0.000569, -0.007892],
  [-0.001307, -0.000741,  0.000569, -0.007892],
  [-0.001307, -0.000741,  0.000569, -0.007892],
  [-0.001307, -0.000741,  0.000569, -0.007892],
  [-0.001307, -0.000741,  0.000569, -0.007892],
  [-0.001307, -0.000741,  0.000569, -0.007892],
  [-0.001307, -0.000741,  0.000569, -0.007892],
  [-0.001307, -0.000741,  0.000569, -0.007892],
  [-0.001307, -0.000741,  0.000569, -0.007892],
  [-0.001307, -0.000741,  0.000569, -0.007892],
  [-0.001307, -0.000741,  0.000569, -0.007892],
  [-0.001307, -0.000741,  0.000569, -0.007892],
  [-0.001307, -0.000741,  0.000569, -0.007892],
  [-0.001307, -0.000741,  0.000569, -0.007892],
  [-0.001307, -0.000741,  0.000569, -0.007892],
  [-0.001307, -0.000741,  0.000569, -0.007892],
  [-0.001307, -0.000741,  0.000569, -0.007892],
  [-0.001307, -0.000741,  0.000569, -0.007892],
  [-0.001307, -0.000741,  0.000569, -0.007892],
  [-0.001307, -0.000741,  0.000569, -0.007892],
  [-0.001307, -0.000741,  0.000569, -0.007892],
  [-0.001307, -0.000741,  0.000569, -0.007892],
  [-0.001307, -0.000741,  0.000569, -0.007892],
  [-0.001307, -0.000741,  0.000569, -0.007892],
  [-0.001307, -0.000741,  0.000569, -0.007892],
  [-0.001307, -0.000741,  0.000569, -0.007892],
  [-0.001307, -0.000741,  0.000569, -0.007892],
  [-0.001307, -0.000741,  0.000569, -0.007892],
  [-0.001307, -0.000741,  0.000569, -0.007892],
  [-0.001307, -0.000741,  0.000569, -0.007892],
  [-0.001307, -0.000741,  0.000569, -0.007892],
  [-0.001307, -0.000741,  0.000569, -0.007892],
  [-0.001307, -0.000741,  0.000569, -0.007892],
  [-0.001307, -0.000741,  0.000569, -0.007892],
  [-0.001307, -0.000741,  0.000569, -0.007892],
  [-0.001307, -0.000741,  0.000569, -0.007892],
  [-0.001307, -0.000741,  0.000569, -0.007892],
  [-0.001307, -0.000741,  0.000569, -0.007892],
  [-0.001307, -0.000741,  0.000569, -0.007892],
  [-0.001307, -0.000741,  0.000569, -0.007892],
  [-0.001307, -0.000741,  0.000569, -0.007892],
  [-0.001307, -0.000741,  0.000569, -0.007892],
  [-0.001307, -0.000741,  0.000569, -0.007892],
  [-0.001307, -0.000741,  0.000569, -0.007892],
  [-0.001307, -0.000741,  0.000569, -0.007892],
  [-0.001307, -0.000741,  0.000569, -0.007892],
  [-0.001307, -0.000741,  0.000569, -0.007892],
  [ 0.018506, -0.007621, -0.008532,  0.011503],
  [ 0.323833, -0.29266 , -0.293259,  0.283789],
  [-0.003909, -0.011529,  0.006471,  0.010684],
  [-0.054607,  0.082784,  0.032175, -0.043509]]]


============================================================
Camada: lstm
Shape: (1, 16)
============================================================

[[-0.06256 , -0.025045, -0.068489, -0.018762,  0.024171,  0.017557,
   0.021327,  0.068067,  0.038186, -0.051854, -0.011119, -0.016169,
  -0.012568,  0.010127, -0.037822,  0.028905]]


============================================================
Camada: dropout
Shape: (1, 16)
============================================================

[[-0.06256 , -0.025045, -0.068489, -0.018762,  0.024171,  0.017557,
   0.021327,  0.068067,  0.038186, -0.051854, -0.011119, -0.016169,
  -0.012568,  0.010127, -0.037822,  0.028905]]


============================================================
Camada: dense
Shape: (1, 32)
============================================================

[[0.007393, 0.237201, 0.069749, 0.211568, 0.      , 0.136997, 0.195981,
  0.      , 0.025435, 0.225311, 0.      , 0.223393, 0.209861, 0.210586,
  0.      , 0.      , 0.      , 0.140078, 0.090093, 0.020768, 0.159969,
  0.187939, 0.084857, 0.      , 0.005057, 0.181591, 0.137468, 0.025586,
  0.      , 0.      , 0.      , 0.006711]]


============================================================
Camada: dropout_1
Shape: (1, 32)
============================================================

[[0.007393, 0.237201, 0.069749, 0.211568, 0.      , 0.136997, 0.195981,
  0.      , 0.025435, 0.225311, 0.      , 0.223393, 0.209861, 0.210586,
  0.      , 0.      , 0.      , 0.140078, 0.090093, 0.020768, 0.159969,
  0.187939, 0.084857, 0.      , 0.005057, 0.181591, 0.137468, 0.025586,
  0.      , 0.      , 0.      , 0.006711]]


============================================================
Camada: dense_1
Shape: (1, 1)
============================================================

[[0.276741]]

