
============================================================
Camada: embedding
Shape: (1, 120, 4)
============================================================

[[[ 8.568559e-03, -5.793927e-03, -7.375594e-04,  7.321331e-03],
  [ 8.568559e-03, -5.793927e-03, -7.375594e-04,  7.321331e-03],
  [ 8.568559e-03, -5.793927e-03, -7.375594e-04,  7.321331e-03],
  [ 8.568559e-03, -5.793927e-03, -7.375594e-04,  7.321331e-03],
  [ 8.568559e-03, -5.793927e-03, -7.375594e-04,  7.321331e-03],
  [ 8.568559e-03, -5.793927e-03, -7.375594e-04,  7.321331e-03],
  [ 8.568559e-03, -5.793927e-03, -7.375594e-04,  7.321331e-03],
  [ 8.568559e-03, -5.793927e-03, -7.375594e-04,  7.321331e-03],
  [ 8.568559e-03, -5.793927e-03, -7.375594e-04,  7.321331e-03],
  [ 8.568559e-03, -5.793927e-03, -7.375594e-04,  7.321331e-03],
  [ 8.568559e-03, -5.793927e-03, -7.375594e-04,  7.321331e-03],
  [ 5.765172e-03, -3.036102e-03, -6.844649e-03, -1.495991e-02],
  [ 1.215498e-01, -8.121803e-02,  7.970855e-02, -7.836748e-02],
  [-9.283951e-04,  2.085932e-02, -3.603765e-02,  1.564761e-02],
  [-3.706203e-02, -2.127712e-02, -6.425618e-02, -8.379188e-03],
  [-5.465663e-02,  5.899582e-02, -3.153255e-02,  1.203308e-03],
  [ 7.371070e-03, -2.410381e-03,  2.602100e-03, -1.072238e-02],
  [ 1.011861e-01,  3.240699e-03,  6.381068e-02, -2.862776e-02],
  [-5.465663e-02,  5.899582e-02, -3.153255e-02,  1.203308e-03],
  [ 4.666997e-02, -3.663933e-02,  8.820768e-02, -5.640054e-02],
  [-5.229573e-02,  5.222554e-02, -6.824068e-02,  1.784585e-02],
  [-8.627119e-02,  8.546375e-02, -9.713741e-02,  1.127845e-01],
  [ 7.494622e-03, -3.816512e-03, -1.366768e-02, -2.289524e-02],
  [-3.042246e-02,  5.247385e-02, -6.406049e-02,  4.173375e-02],
  [-5.392950e-03, -8.875965e-03, -4.709534e-04, -1.467540e-03],
  [ 1.307275e-01, -8.862416e-02,  8.091033e-02, -1.238661e-01],
  [-9.283951e-04,  2.085932e-02, -3.603765e-02,  1.564761e-02],
  [ 3.680484e-02, -3.623972e-02,  1.125511e-02, -3.853764e-02],
  [-3.711044e-02, -3.651266e-02, -1.321464e-02,  5.779627e-02],
  [ 6.456507e-02,  3.705299e-03,  4.045044e-02, -9.812316e-02],
  [-9.283951e-04,  2.085932e-02, -3.603765e-02,  1.564761e-02],
  [-1.168741e-02,  1.345836e-02, -7.756843e-03,  2.985863e-02],
  [ 1.395289e-02, -3.536942e-02,  4.169909e-04,  1.779117e-02],
  [-9.283951e-04,  2.085932e-02, -3.603765e-02,  1.564761e-02],
  [ 3.021099e-02, -5.021686e-02,  2.347464e-02, -2.840458e-02],
  [ 4.058232e-03,  1.395327e-02, -6.521625e-02,  5.131799e-02],
  [-8.408014e-03,  3.065517e-02, -2.611787e-02,  3.586488e-02],
  [ 7.519956e-03, -2.289518e-02,  1.358937e-02, -8.220984e-04],
  [ 6.394341e-02, -8.366471e-02,  7.231782e-02, -5.342626e-02],
  [ 7.519956e-03, -2.289518e-02,  1.358937e-02, -8.220984e-04],
  [ 3.871828e-02, -1.016628e-01,  2.358941e-02, -3.752655e-02],
  [ 3.021099e-02, -5.021686e-02,  2.347464e-02, -2.840458e-02],
  [-7.765575e-03,  1.626995e-02, -2.199379e-02, -1.624301e-02],
  [-2.064429e-01,  1.926895e-01, -2.345114e-01,  1.965920e-01],
  [-1.168741e-02,  1.345836e-02, -7.756843e-03,  2.985863e-02],
  [ 1.395289e-02, -3.536942e-02,  4.169909e-04,  1.779117e-02],
  [ 1.669537e-02, -1.133840e-02,  1.937371e-02, -7.480008e-04],
  [ 2.797149e-03,  1.144783e-02,  1.529053e-02,  1.567442e-02],
  [-1.014831e-02, -1.068716e-02,  3.336726e-03,  8.761317e-03],
  [-9.283951e-04,  2.085932e-02, -3.603765e-02,  1.564761e-02],
  [-2.064429e-01,  1.926895e-01, -2.345114e-01,  1.965920e-01],
  [-1.014831e-02, -1.068716e-02,  3.336726e-03,  8.761317e-03],
  [ 5.584501e-03, -6.233376e-02, -1.509190e-02,  8.616458e-03],
  [-2.609074e-02, -3.630491e-02, -6.032191e-03, -6.157823e-03],
  [ 1.160760e-02, -6.363606e-02,  6.472578e-02,  3.649343e-03],
  [ 4.513104e-02, -5.915515e-02, -5.592313e-03, -2.263686e-02],
  [ 1.561560e-02,  2.487695e-02, -3.038452e-02,  2.426836e-02],
  [ 1.883791e-02,  1.043998e-04,  2.881487e-03, -1.913176e-02],
  [-2.675082e-02,  1.415741e-02,  1.075033e-02, -5.112892e-02],
  [ 1.042363e-01, -1.397142e-01,  6.933566e-02, -7.551042e-02],
  [-4.093536e-02,  5.559424e-02, -2.547842e-02,  1.685620e-02],
  [-8.472826e-03,  6.000150e-03, -3.389837e-03, -3.746516e-02],
  [ 2.852731e-02, -5.836093e-02, -7.272497e-03, -1.807343e-02],
  [-2.963343e-02, -2.894733e-02, -2.937857e-02,  4.129348e-02],
  [-9.283951e-04,  2.085932e-02, -3.603765e-02,  1.564761e-02],
  [ 1.395289e-02, -3.536942e-02,  4.169909e-04,  1.779117e-02],
  [-8.472826e-03,  6.000150e-03, -3.389837e-03, -3.746516e-02],
  [-9.556507e-03,  6.430255e-02, -1.160623e-02,  8.199144e-02],
  [-1.881531e-02,  1.608861e-02, -4.474112e-02,  4.219519e-03],
  [-2.172538e-02,  4.852801e-02, -5.061375e-03,  3.615635e-02],
  [-4.093536e-02,  5.559424e-02, -2.547842e-02,  1.685620e-02],
  [-3.439492e-02, -8.910066e-03,  2.673150e-02,  4.891048e-02],
  [ 3.815140e-02, -1.040412e-01,  1.211044e-01, -1.106664e-01],
  [-2.166041e-02, -7.305298e-02,  1.471725e-02, -3.365466e-02],
  [-3.225925e-02,  5.739018e-03, -5.438668e-02,  4.967183e-02],
  [-5.734590e-02,  9.344246e-03, -8.049883e-02, -5.904112e-03],
  [-9.354986e-04,  2.793592e-02, -6.276853e-02, -4.828786e-02],
  [ 1.062693e-02, -3.584358e-02,  2.983540e-03,  3.539889e-02],
  [ 8.068113e-03,  1.262855e-03,  1.940657e-02, -3.470225e-02],
  [-9.283951e-04,  2.085932e-02, -3.603765e-02,  1.564761e-02],
  [ 8.068113e-03,  1.262855e-03,  1.940657e-02, -3.470225e-02],
  [-1.525662e-03, -3.636305e-02,  2.202563e-02, -2.814583e-02],
  [-9.283951e-04,  2.085932e-02, -3.603765e-02,  1.564761e-02],
  [-2.042738e-02, -3.765330e-02,  1.078977e-02, -2.869936e-02],
  [-9.354986e-04,  2.793592e-02, -6.276853e-02, -4.828786e-02],
  [-9.283951e-04,  2.085932e-02, -3.603765e-02,  1.564761e-02],
  [ 1.118287e-02, -7.144772e-02,  3.279992e-02, -6.295877e-02],
  [-5.229573e-02,  5.222554e-02, -6.824068e-02,  1.784585e-02],
  [-9.283951e-04,  2.085932e-02, -3.603765e-02,  1.564761e-02],
  [-9.283951e-04,  2.085932e-02, -3.603765e-02,  1.564761e-02],
  [-2.612284e-02,  1.505849e-02, -7.283073e-03,  1.227093e-02],
  [ 2.714360e-02, -6.824375e-02, -3.039633e-03, -1.257943e-02],
  [-9.283951e-04,  2.085932e-02, -3.603765e-02,  1.564761e-02],
  [ 1.460946e-02, -3.792746e-02,  6.264184e-02,  2.580963e-02],
  [ 5.566708e-02,  1.365604e-02, -7.129915e-03,  2.166113e-02],
  [-1.042138e-01,  3.005591e-02, -6.106462e-02,  6.976622e-02],
  [-9.283951e-04,  2.085932e-02, -3.603765e-02,  1.564761e-02],
  [-1.699350e-02,  6.068581e-02, -5.850970e-02,  4.609272e-02],
  [-2.064429e-01,  1.926895e-01, -2.345114e-01,  1.965920e-01],
  [-1.014831e-02, -1.068716e-02,  3.336726e-03,  8.761317e-03],
  [-5.261533e-02,  7.348052e-02, -1.158146e-02,  4.109588e-02],
  [-9.283951e-04,  2.085932e-02, -3.603765e-02,  1.564761e-02],
  [-9.283951e-04,  2.085932e-02, -3.603765e-02,  1.564761e-02],
  [ 5.566708e-02,  1.365604e-02, -7.129915e-03,  2.166113e-02],
  [ 1.625910e-02,  6.349753e-03, -6.168614e-02, -3.071683e-02],
  [ 1.625910e-02,  6.349753e-03, -6.168614e-02, -3.071683e-02],
  [-1.519681e-02,  6.445529e-02, -6.656197e-02, -8.033603e-03],
  [-9.283951e-04,  2.085932e-02, -3.603765e-02,  1.564761e-02],
  [-9.283951e-04,  2.085932e-02, -3.603765e-02,  1.564761e-02],
  [-5.835038e-02,  6.453773e-02, -2.664987e-02,  7.607951e-02],
  [ 5.108134e-02, -6.352479e-03,  4.346750e-02, -2.338888e-02],
  [-2.833989e-02,  1.348499e-02,  8.075386e-03,  3.242188e-02],
  [ 6.456507e-02,  3.705299e-03,  4.045044e-02, -9.812316e-02],
  [-9.283951e-04,  2.085932e-02, -3.603765e-02,  1.564761e-02],
  [-1.014831e-02, -1.068716e-02,  3.336726e-03,  8.761317e-03],
  [-2.385406e-01,  1.605608e-01, -2.367375e-01,  2.025072e-01],
  [-2.064429e-01,  1.926895e-01, -2.345114e-01,  1.965920e-01],
  [ 1.477906e-02, -2.068516e-02,  3.657304e-02, -4.379495e-02],
  [-2.646131e-02,  2.635210e-02, -5.027423e-02,  1.099736e-01],
  [ 5.399801e-02, -2.206286e-02,  9.618700e-02, -7.280230e-02]]]


============================================================
Camada: spatial_dropout1d
Shape: (1, 120, 4)
============================================================

[[[ 8.568559e-03, -5.793927e-03, -7.375594e-04,  7.321331e-03],
  [ 8.568559e-03, -5.793927e-03, -7.375594e-04,  7.321331e-03],
  [ 8.568559e-03, -5.793927e-03, -7.375594e-04,  7.321331e-03],
  [ 8.568559e-03, -5.793927e-03, -7.375594e-04,  7.321331e-03],
  [ 8.568559e-03, -5.793927e-03, -7.375594e-04,  7.321331e-03],
  [ 8.568559e-03, -5.793927e-03, -7.375594e-04,  7.321331e-03],
  [ 8.568559e-03, -5.793927e-03, -7.375594e-04,  7.321331e-03],
  [ 8.568559e-03, -5.793927e-03, -7.375594e-04,  7.321331e-03],
  [ 8.568559e-03, -5.793927e-03, -7.375594e-04,  7.321331e-03],
  [ 8.568559e-03, -5.793927e-03, -7.375594e-04,  7.321331e-03],
  [ 8.568559e-03, -5.793927e-03, -7.375594e-04,  7.321331e-03],
  [ 5.765172e-03, -3.036102e-03, -6.844649e-03, -1.495991e-02],
  [ 1.215498e-01, -8.121803e-02,  7.970855e-02, -7.836748e-02],
  [-9.283951e-04,  2.085932e-02, -3.603765e-02,  1.564761e-02],
  [-3.706203e-02, -2.127712e-02, -6.425618e-02, -8.379188e-03],
  [-5.465663e-02,  5.899582e-02, -3.153255e-02,  1.203308e-03],
  [ 7.371070e-03, -2.410381e-03,  2.602100e-03, -1.072238e-02],
  [ 1.011861e-01,  3.240699e-03,  6.381068e-02, -2.862776e-02],
  [-5.465663e-02,  5.899582e-02, -3.153255e-02,  1.203308e-03],
  [ 4.666997e-02, -3.663933e-02,  8.820768e-02, -5.640054e-02],
  [-5.229573e-02,  5.222554e-02, -6.824068e-02,  1.784585e-02],
  [-8.627119e-02,  8.546375e-02, -9.713741e-02,  1.127845e-01],
  [ 7.494622e-03, -3.816512e-03, -1.366768e-02, -2.289524e-02],
  [-3.042246e-02,  5.247385e-02, -6.406049e-02,  4.173375e-02],
  [-5.392950e-03, -8.875965e-03, -4.709534e-04, -1.467540e-03],
  [ 1.307275e-01, -8.862416e-02,  8.091033e-02, -1.238661e-01],
  [-9.283951e-04,  2.085932e-02, -3.603765e-02,  1.564761e-02],
  [ 3.680484e-02, -3.623972e-02,  1.125511e-02, -3.853764e-02],
  [-3.711044e-02, -3.651266e-02, -1.321464e-02,  5.779627e-02],
  [ 6.456507e-02,  3.705299e-03,  4.045044e-02, -9.812316e-02],
  [-9.283951e-04,  2.085932e-02, -3.603765e-02,  1.564761e-02],
  [-1.168741e-02,  1.345836e-02, -7.756843e-03,  2.985863e-02],
  [ 1.395289e-02, -3.536942e-02,  4.169909e-04,  1.779117e-02],
  [-9.283951e-04,  2.085932e-02, -3.603765e-02,  1.564761e-02],
  [ 3.021099e-02, -5.021686e-02,  2.347464e-02, -2.840458e-02],
  [ 4.058232e-03,  1.395327e-02, -6.521625e-02,  5.131799e-02],
  [-8.408014e-03,  3.065517e-02, -2.611787e-02,  3.586488e-02],
  [ 7.519956e-03, -2.289518e-02,  1.358937e-02, -8.220984e-04],
  [ 6.394341e-02, -8.366471e-02,  7.231782e-02, -5.342626e-02],
  [ 7.519956e-03, -2.289518e-02,  1.358937e-02, -8.220984e-04],
  [ 3.871828e-02, -1.016628e-01,  2.358941e-02, -3.752655e-02],
  [ 3.021099e-02, -5.021686e-02,  2.347464e-02, -2.840458e-02],
  [-7.765575e-03,  1.626995e-02, -2.199379e-02, -1.624301e-02],
  [-2.064429e-01,  1.926895e-01, -2.345114e-01,  1.965920e-01],
  [-1.168741e-02,  1.345836e-02, -7.756843e-03,  2.985863e-02],
  [ 1.395289e-02, -3.536942e-02,  4.169909e-04,  1.779117e-02],
  [ 1.669537e-02, -1.133840e-02,  1.937371e-02, -7.480008e-04],
  [ 2.797149e-03,  1.144783e-02,  1.529053e-02,  1.567442e-02],
  [-1.014831e-02, -1.068716e-02,  3.336726e-03,  8.761317e-03],
  [-9.283951e-04,  2.085932e-02, -3.603765e-02,  1.564761e-02],
  [-2.064429e-01,  1.926895e-01, -2.345114e-01,  1.965920e-01],
  [-1.014831e-02, -1.068716e-02,  3.336726e-03,  8.761317e-03],
  [ 5.584501e-03, -6.233376e-02, -1.509190e-02,  8.616458e-03],
  [-2.609074e-02, -3.630491e-02, -6.032191e-03, -6.157823e-03],
  [ 1.160760e-02, -6.363606e-02,  6.472578e-02,  3.649343e-03],
  [ 4.513104e-02, -5.915515e-02, -5.592313e-03, -2.263686e-02],
  [ 1.561560e-02,  2.487695e-02, -3.038452e-02,  2.426836e-02],
  [ 1.883791e-02,  1.043998e-04,  2.881487e-03, -1.913176e-02],
  [-2.675082e-02,  1.415741e-02,  1.075033e-02, -5.112892e-02],
  [ 1.042363e-01, -1.397142e-01,  6.933566e-02, -7.551042e-02],
  [-4.093536e-02,  5.559424e-02, -2.547842e-02,  1.685620e-02],
  [-8.472826e-03,  6.000150e-03, -3.389837e-03, -3.746516e-02],
  [ 2.852731e-02, -5.836093e-02, -7.272497e-03, -1.807343e-02],
  [-2.963343e-02, -2.894733e-02, -2.937857e-02,  4.129348e-02],
  [-9.283951e-04,  2.085932e-02, -3.603765e-02,  1.564761e-02],
  [ 1.395289e-02, -3.536942e-02,  4.169909e-04,  1.779117e-02],
  [-8.472826e-03,  6.000150e-03, -3.389837e-03, -3.746516e-02],
  [-9.556507e-03,  6.430255e-02, -1.160623e-02,  8.199144e-02],
  [-1.881531e-02,  1.608861e-02, -4.474112e-02,  4.219519e-03],
  [-2.172538e-02,  4.852801e-02, -5.061375e-03,  3.615635e-02],
  [-4.093536e-02,  5.559424e-02, -2.547842e-02,  1.685620e-02],
  [-3.439492e-02, -8.910066e-03,  2.673150e-02,  4.891048e-02],
  [ 3.815140e-02, -1.040412e-01,  1.211044e-01, -1.106664e-01],
  [-2.166041e-02, -7.305298e-02,  1.471725e-02, -3.365466e-02],
  [-3.225925e-02,  5.739018e-03, -5.438668e-02,  4.967183e-02],
  [-5.734590e-02,  9.344246e-03, -8.049883e-02, -5.904112e-03],
  [-9.354986e-04,  2.793592e-02, -6.276853e-02, -4.828786e-02],
  [ 1.062693e-02, -3.584358e-02,  2.983540e-03,  3.539889e-02],
  [ 8.068113e-03,  1.262855e-03,  1.940657e-02, -3.470225e-02],
  [-9.283951e-04,  2.085932e-02, -3.603765e-02,  1.564761e-02],
  [ 8.068113e-03,  1.262855e-03,  1.940657e-02, -3.470225e-02],
  [-1.525662e-03, -3.636305e-02,  2.202563e-02, -2.814583e-02],
  [-9.283951e-04,  2.085932e-02, -3.603765e-02,  1.564761e-02],
  [-2.042738e-02, -3.765330e-02,  1.078977e-02, -2.869936e-02],
  [-9.354986e-04,  2.793592e-02, -6.276853e-02, -4.828786e-02],
  [-9.283951e-04,  2.085932e-02, -3.603765e-02,  1.564761e-02],
  [ 1.118287e-02, -7.144772e-02,  3.279992e-02, -6.295877e-02],
  [-5.229573e-02,  5.222554e-02, -6.824068e-02,  1.784585e-02],
  [-9.283951e-04,  2.085932e-02, -3.603765e-02,  1.564761e-02],
  [-9.283951e-04,  2.085932e-02, -3.603765e-02,  1.564761e-02],
  [-2.612284e-02,  1.505849e-02, -7.283073e-03,  1.227093e-02],
  [ 2.714360e-02, -6.824375e-02, -3.039633e-03, -1.257943e-02],
  [-9.283951e-04,  2.085932e-02, -3.603765e-02,  1.564761e-02],
  [ 1.460946e-02, -3.792746e-02,  6.264184e-02,  2.580963e-02],
  [ 5.566708e-02,  1.365604e-02, -7.129915e-03,  2.166113e-02],
  [-1.042138e-01,  3.005591e-02, -6.106462e-02,  6.976622e-02],
  [-9.283951e-04,  2.085932e-02, -3.603765e-02,  1.564761e-02],
  [-1.699350e-02,  6.068581e-02, -5.850970e-02,  4.609272e-02],
  [-2.064429e-01,  1.926895e-01, -2.345114e-01,  1.965920e-01],
  [-1.014831e-02, -1.068716e-02,  3.336726e-03,  8.761317e-03],
  [-5.261533e-02,  7.348052e-02, -1.158146e-02,  4.109588e-02],
  [-9.283951e-04,  2.085932e-02, -3.603765e-02,  1.564761e-02],
  [-9.283951e-04,  2.085932e-02, -3.603765e-02,  1.564761e-02],
  [ 5.566708e-02,  1.365604e-02, -7.129915e-03,  2.166113e-02],
  [ 1.625910e-02,  6.349753e-03, -6.168614e-02, -3.071683e-02],
  [ 1.625910e-02,  6.349753e-03, -6.168614e-02, -3.071683e-02],
  [-1.519681e-02,  6.445529e-02, -6.656197e-02, -8.033603e-03],
  [-9.283951e-04,  2.085932e-02, -3.603765e-02,  1.564761e-02],
  [-9.283951e-04,  2.085932e-02, -3.603765e-02,  1.564761e-02],
  [-5.835038e-02,  6.453773e-02, -2.664987e-02,  7.607951e-02],
  [ 5.108134e-02, -6.352479e-03,  4.346750e-02, -2.338888e-02],
  [-2.833989e-02,  1.348499e-02,  8.075386e-03,  3.242188e-02],
  [ 6.456507e-02,  3.705299e-03,  4.045044e-02, -9.812316e-02],
  [-9.283951e-04,  2.085932e-02, -3.603765e-02,  1.564761e-02],
  [-1.014831e-02, -1.068716e-02,  3.336726e-03,  8.761317e-03],
  [-2.385406e-01,  1.605608e-01, -2.367375e-01,  2.025072e-01],
  [-2.064429e-01,  1.926895e-01, -2.345114e-01,  1.965920e-01],
  [ 1.477906e-02, -2.068516e-02,  3.657304e-02, -4.379495e-02],
  [-2.646131e-02,  2.635210e-02, -5.027423e-02,  1.099736e-01],
  [ 5.399801e-02, -2.206286e-02,  9.618700e-02, -7.280230e-02]]]


============================================================
Camada: lstm
Shape: (1, 8)
============================================================

[[-0.193711,  0.016835, -0.308985,  0.055108, -0.309395, -0.157551,
  -0.470687,  0.15697 ]]


============================================================
Camada: dropout
Shape: (1, 8)
============================================================

[[-0.193711,  0.016835, -0.308985,  0.055108, -0.309395, -0.157551,
  -0.470687,  0.15697 ]]


============================================================
Camada: dense
Shape: (1, 8)
============================================================

[[0.      , 0.      , 1.414521, 0.      , 1.294668, 0.      , 1.389626,
  0.      ]]


============================================================
Camada: dropout_1
Shape: (1, 8)
============================================================

[[0.      , 0.      , 1.414521, 0.      , 1.294668, 0.      , 1.389626,
  0.      ]]


============================================================
Camada: dense_1
Shape: (1, 1)
============================================================

[[0.037048]]

