
============================================================
Camada: embedding
Shape: (1, 120, 4)
============================================================

[[[-0.001334, -0.002179, -0.003   , -0.00155 ],
  [-0.001334, -0.002179, -0.003   , -0.00155 ],
  [-0.001334, -0.002179, -0.003   , -0.00155 ],
  [-0.001334, -0.002179, -0.003   , -0.00155 ],
  [-0.001334, -0.002179, -0.003   , -0.00155 ],
  [-0.001334, -0.002179, -0.003   , -0.00155 ],
  [-0.001334, -0.002179, -0.003   , -0.00155 ],
  [-0.001334, -0.002179, -0.003   , -0.00155 ],
  [-0.001334, -0.002179, -0.003   , -0.00155 ],
  [-0.001334, -0.002179, -0.003   , -0.00155 ],
  [-0.001334, -0.002179, -0.003   , -0.00155 ],
  [ 0.01101 ,  0.006121,  0.002879,  0.007133],
  [-0.097025,  0.092598, -0.112156, -0.05706 ],
  [ 0.010192, -0.010911,  0.012401,  0.014041],
  [-0.029286, -0.022   , -0.025374,  0.011762],
  [ 0.021071, -0.042697,  0.005419,  0.058023],
  [ 0.082585,  0.058382, -0.019767,  0.034879],
  [-0.022699,  0.052101, -0.009891, -0.002629],
  [ 0.021071, -0.042697,  0.005419,  0.058023],
  [-0.037206,  0.068658, -0.040573, -0.053253],
  [ 0.065373, -0.05773 ,  0.06752 ,  0.054972],
  [ 0.059377, -0.130944,  0.108255,  0.064099],
  [ 0.002925, -0.052895, -0.029077,  0.025354],
  [ 0.042176, -0.049327,  0.03603 ,  0.044149],
  [ 0.002873,  0.007627,  0.001922, -0.017422],
  [-0.107401,  0.094822, -0.080624, -0.125469],
  [ 0.010192, -0.010911,  0.012401,  0.014041],
  [ 0.001377,  0.026385, -0.019214, -0.049723],
  [ 0.08189 , -0.022108,  0.034462,  0.108133],
  [-0.044823,  0.004652, -0.033975, -0.028041],
  [ 0.010192, -0.010911,  0.012401,  0.014041],
  [ 0.018174, -0.015969,  0.008108,  0.03053 ],
  [-0.039012, -0.016579, -0.025498,  0.023062],
  [ 0.010192, -0.010911,  0.012401,  0.014041],
  [-0.028527,  0.015218, -0.024364, -0.029799],
  [-0.018502, -0.0789  ,  0.046972,  0.016194],
  [ 0.033485, -0.055904,  0.05176 ,  0.041448],
  [ 0.015874,  0.042671, -0.004272, -0.015745],
  [-0.086257,  0.070282, -0.117908, -0.092284],
  [ 0.015874,  0.042671, -0.004272, -0.015745],
  [-0.068492,  0.052583, -0.058303, -0.041991],
  [-0.028527,  0.015218, -0.024364, -0.029799],
  [-0.007106, -0.046683,  0.020511,  0.009949],
  [ 0.181958, -0.191794,  0.158908,  0.198782],
  [ 0.018174, -0.015969,  0.008108,  0.03053 ],
  [-0.039012, -0.016579, -0.025498,  0.023062],
  [-0.020843,  0.003214,  0.006637, -0.011832],
  [ 0.00254 , -0.042216,  0.000885,  0.031226],
  [-0.029836, -0.005479, -0.066709, -0.024441],
  [ 0.010192, -0.010911,  0.012401,  0.014041],
  [ 0.181958, -0.191794,  0.158908,  0.198782],
  [-0.029836, -0.005479, -0.066709, -0.024441],
  [-0.019989, -0.055612,  0.011247,  0.035993],
  [ 0.009662, -0.016297,  0.037239,  0.039768],
  [ 0.024568,  0.046634, -0.032835, -0.008186],
  [-0.059185,  0.024557, -0.058973, -0.060716],
  [-0.034486, -0.017866,  0.03214 ,  0.016593],
  [ 0.002849, -0.016598,  0.014531, -0.005904],
  [-0.017849,  0.03712 , -0.026147, -0.035331],
  [-0.087611,  0.050024, -0.040577, -0.138971],
  [ 0.046081, -0.069366,  0.034575,  0.033845],
  [ 0.021638,  0.030685, -0.031349,  0.007984],
  [-0.00119 ,  0.002794, -0.026387,  0.016897],
  [ 0.016383, -0.006734,  0.047147, -0.031551],
  [ 0.010192, -0.010911,  0.012401,  0.014041],
  [-0.039012, -0.016579, -0.025498,  0.023062],
  [ 0.021638,  0.030685, -0.031349,  0.007984],
  [-0.010111, -0.059179,  0.031225,  0.04407 ],
  [ 0.01254 , -0.020983,  0.015532,  0.065015],
  [ 0.014639, -0.014446,  0.040652, -0.027447],
  [ 0.046081, -0.069366,  0.034575,  0.033845],
  [-0.024346,  0.076954, -0.035311,  0.054933],
  [-0.041383,  0.109128, -0.056086, -0.109521],
  [-0.063024,  0.038491,  0.003999, -0.017327],
  [ 0.007545, -0.019828,  0.031498,  0.023509],
  [ 0.05837 ,  0.01597 ,  0.079579,  0.017233],
  [-0.029022,  0.012432, -0.007284, -0.029476],
  [-0.011959,  0.00594 , -0.009374, -0.048238],
  [ 0.018804,  0.007622, -0.016232, -0.010558],
  [ 0.010192, -0.010911,  0.012401,  0.014041],
  [ 0.018804,  0.007622, -0.016232, -0.010558],
  [ 0.024947,  0.046836, -0.010656, -0.018359],
  [ 0.010192, -0.010911,  0.012401,  0.014041],
  [-0.08137 ,  0.020126, -0.023435, -0.036366],
  [-0.029022,  0.012432, -0.007284, -0.029476],
  [ 0.010192, -0.010911,  0.012401,  0.014041],
  [-0.032513,  0.078254, -0.049699, -0.098935],
  [ 0.065373, -0.05773 ,  0.06752 ,  0.054972],
  [ 0.010192, -0.010911,  0.012401,  0.014041],
  [ 0.010192, -0.010911,  0.012401,  0.014041],
  [ 0.013081,  0.003853, -0.029819,  0.017591],
  [-0.057735,  0.081382, -0.068576, -0.044308],
  [ 0.010192, -0.010911,  0.012401,  0.014041],
  [-0.028885,  0.036809,  0.017247,  0.043412],
  [-0.014135, -0.02836 , -0.007797, -0.011454],
  [ 0.118944, -0.084266,  0.044137,  0.055917],
  [ 0.010192, -0.010911,  0.012401,  0.014041],
  [ 0.04769 , -0.047311,  0.034936,  0.02614 ],
  [ 0.181958, -0.191794,  0.158908,  0.198782],
  [-0.029836, -0.005479, -0.066709, -0.024441],
  [ 0.047601, -0.023301,  0.00269 , -0.022237],
  [ 0.010192, -0.010911,  0.012401,  0.014041],
  [ 0.010192, -0.010911,  0.012401,  0.014041],
  [-0.014135, -0.02836 , -0.007797, -0.011454],
  [-0.075411,  0.027471, -0.027489,  0.066629],
  [-0.075411,  0.027471, -0.027489,  0.066629],
  [-0.00063 , -0.025278,  0.018014, -0.02449 ],
  [ 0.010192, -0.010911,  0.012401,  0.014041],
  [ 0.010192, -0.010911,  0.012401,  0.014041],
  [ 0.016388, -0.097059,  0.019223,  0.042096],
  [-0.040203,  0.040397, -0.027962, -0.075615],
  [ 0.009322, -0.052342,  0.037176,  0.041126],
  [-0.044823,  0.004652, -0.033975, -0.028041],
  [ 0.010192, -0.010911,  0.012401,  0.014041],
  [-0.029836, -0.005479, -0.066709, -0.024441],
  [ 0.204603, -0.236593,  0.210073,  0.191319],
  [ 0.181958, -0.191794,  0.158908,  0.198782],
  [ 0.005301,  0.030355,  0.001553, -0.044696],
  [ 0.05138 ,  0.008865,  0.006548,  0.014007],
  [-0.040345,  0.077862, -0.062387, -0.068141]]]


============================================================
Camada: spatial_dropout1d
Shape: (1, 120, 4)
============================================================

[[[-0.001334, -0.002179, -0.003   , -0.00155 ],
  [-0.001334, -0.002179, -0.003   , -0.00155 ],
  [-0.001334, -0.002179, -0.003   , -0.00155 ],
  [-0.001334, -0.002179, -0.003   , -0.00155 ],
  [-0.001334, -0.002179, -0.003   , -0.00155 ],
  [-0.001334, -0.002179, -0.003   , -0.00155 ],
  [-0.001334, -0.002179, -0.003   , -0.00155 ],
  [-0.001334, -0.002179, -0.003   , -0.00155 ],
  [-0.001334, -0.002179, -0.003   , -0.00155 ],
  [-0.001334, -0.002179, -0.003   , -0.00155 ],
  [-0.001334, -0.002179, -0.003   , -0.00155 ],
  [ 0.01101 ,  0.006121,  0.002879,  0.007133],
  [-0.097025,  0.092598, -0.112156, -0.05706 ],
  [ 0.010192, -0.010911,  0.012401,  0.014041],
  [-0.029286, -0.022   , -0.025374,  0.011762],
  [ 0.021071, -0.042697,  0.005419,  0.058023],
  [ 0.082585,  0.058382, -0.019767,  0.034879],
  [-0.022699,  0.052101, -0.009891, -0.002629],
  [ 0.021071, -0.042697,  0.005419,  0.058023],
  [-0.037206,  0.068658, -0.040573, -0.053253],
  [ 0.065373, -0.05773 ,  0.06752 ,  0.054972],
  [ 0.059377, -0.130944,  0.108255,  0.064099],
  [ 0.002925, -0.052895, -0.029077,  0.025354],
  [ 0.042176, -0.049327,  0.03603 ,  0.044149],
  [ 0.002873,  0.007627,  0.001922, -0.017422],
  [-0.107401,  0.094822, -0.080624, -0.125469],
  [ 0.010192, -0.010911,  0.012401,  0.014041],
  [ 0.001377,  0.026385, -0.019214, -0.049723],
  [ 0.08189 , -0.022108,  0.034462,  0.108133],
  [-0.044823,  0.004652, -0.033975, -0.028041],
  [ 0.010192, -0.010911,  0.012401,  0.014041],
  [ 0.018174, -0.015969,  0.008108,  0.03053 ],
  [-0.039012, -0.016579, -0.025498,  0.023062],
  [ 0.010192, -0.010911,  0.012401,  0.014041],
  [-0.028527,  0.015218, -0.024364, -0.029799],
  [-0.018502, -0.0789  ,  0.046972,  0.016194],
  [ 0.033485, -0.055904,  0.05176 ,  0.041448],
  [ 0.015874,  0.042671, -0.004272, -0.015745],
  [-0.086257,  0.070282, -0.117908, -0.092284],
  [ 0.015874,  0.042671, -0.004272, -0.015745],
  [-0.068492,  0.052583, -0.058303, -0.041991],
  [-0.028527,  0.015218, -0.024364, -0.029799],
  [-0.007106, -0.046683,  0.020511,  0.009949],
  [ 0.181958, -0.191794,  0.158908,  0.198782],
  [ 0.018174, -0.015969,  0.008108,  0.03053 ],
  [-0.039012, -0.016579, -0.025498,  0.023062],
  [-0.020843,  0.003214,  0.006637, -0.011832],
  [ 0.00254 , -0.042216,  0.000885,  0.031226],
  [-0.029836, -0.005479, -0.066709, -0.024441],
  [ 0.010192, -0.010911,  0.012401,  0.014041],
  [ 0.181958, -0.191794,  0.158908,  0.198782],
  [-0.029836, -0.005479, -0.066709, -0.024441],
  [-0.019989, -0.055612,  0.011247,  0.035993],
  [ 0.009662, -0.016297,  0.037239,  0.039768],
  [ 0.024568,  0.046634, -0.032835, -0.008186],
  [-0.059185,  0.024557, -0.058973, -0.060716],
  [-0.034486, -0.017866,  0.03214 ,  0.016593],
  [ 0.002849, -0.016598,  0.014531, -0.005904],
  [-0.017849,  0.03712 , -0.026147, -0.035331],
  [-0.087611,  0.050024, -0.040577, -0.138971],
  [ 0.046081, -0.069366,  0.034575,  0.033845],
  [ 0.021638,  0.030685, -0.031349,  0.007984],
  [-0.00119 ,  0.002794, -0.026387,  0.016897],
  [ 0.016383, -0.006734,  0.047147, -0.031551],
  [ 0.010192, -0.010911,  0.012401,  0.014041],
  [-0.039012, -0.016579, -0.025498,  0.023062],
  [ 0.021638,  0.030685, -0.031349,  0.007984],
  [-0.010111, -0.059179,  0.031225,  0.04407 ],
  [ 0.01254 , -0.020983,  0.015532,  0.065015],
  [ 0.014639, -0.014446,  0.040652, -0.027447],
  [ 0.046081, -0.069366,  0.034575,  0.033845],
  [-0.024346,  0.076954, -0.035311,  0.054933],
  [-0.041383,  0.109128, -0.056086, -0.109521],
  [-0.063024,  0.038491,  0.003999, -0.017327],
  [ 0.007545, -0.019828,  0.031498,  0.023509],
  [ 0.05837 ,  0.01597 ,  0.079579,  0.017233],
  [-0.029022,  0.012432, -0.007284, -0.029476],
  [-0.011959,  0.00594 , -0.009374, -0.048238],
  [ 0.018804,  0.007622, -0.016232, -0.010558],
  [ 0.010192, -0.010911,  0.012401,  0.014041],
  [ 0.018804,  0.007622, -0.016232, -0.010558],
  [ 0.024947,  0.046836, -0.010656, -0.018359],
  [ 0.010192, -0.010911,  0.012401,  0.014041],
  [-0.08137 ,  0.020126, -0.023435, -0.036366],
  [-0.029022,  0.012432, -0.007284, -0.029476],
  [ 0.010192, -0.010911,  0.012401,  0.014041],
  [-0.032513,  0.078254, -0.049699, -0.098935],
  [ 0.065373, -0.05773 ,  0.06752 ,  0.054972],
  [ 0.010192, -0.010911,  0.012401,  0.014041],
  [ 0.010192, -0.010911,  0.012401,  0.014041],
  [ 0.013081,  0.003853, -0.029819,  0.017591],
  [-0.057735,  0.081382, -0.068576, -0.044308],
  [ 0.010192, -0.010911,  0.012401,  0.014041],
  [-0.028885,  0.036809,  0.017247,  0.043412],
  [-0.014135, -0.02836 , -0.007797, -0.011454],
  [ 0.118944, -0.084266,  0.044137,  0.055917],
  [ 0.010192, -0.010911,  0.012401,  0.014041],
  [ 0.04769 , -0.047311,  0.034936,  0.02614 ],
  [ 0.181958, -0.191794,  0.158908,  0.198782],
  [-0.029836, -0.005479, -0.066709, -0.024441],
  [ 0.047601, -0.023301,  0.00269 , -0.022237],
  [ 0.010192, -0.010911,  0.012401,  0.014041],
  [ 0.010192, -0.010911,  0.012401,  0.014041],
  [-0.014135, -0.02836 , -0.007797, -0.011454],
  [-0.075411,  0.027471, -0.027489,  0.066629],
  [-0.075411,  0.027471, -0.027489,  0.066629],
  [-0.00063 , -0.025278,  0.018014, -0.02449 ],
  [ 0.010192, -0.010911,  0.012401,  0.014041],
  [ 0.010192, -0.010911,  0.012401,  0.014041],
  [ 0.016388, -0.097059,  0.019223,  0.042096],
  [-0.040203,  0.040397, -0.027962, -0.075615],
  [ 0.009322, -0.052342,  0.037176,  0.041126],
  [-0.044823,  0.004652, -0.033975, -0.028041],
  [ 0.010192, -0.010911,  0.012401,  0.014041],
  [-0.029836, -0.005479, -0.066709, -0.024441],
  [ 0.204603, -0.236593,  0.210073,  0.191319],
  [ 0.181958, -0.191794,  0.158908,  0.198782],
  [ 0.005301,  0.030355,  0.001553, -0.044696],
  [ 0.05138 ,  0.008865,  0.006548,  0.014007],
  [-0.040345,  0.077862, -0.062387, -0.068141]]]


============================================================
Camada: lstm
Shape: (1, 16)
============================================================

[[ 0.11799 ,  0.167919,  0.163724, -0.091377,  0.172387, -0.117508,
  -0.190538,  0.098605, -0.1054  , -0.239831,  0.095193,  0.174874,
   0.080723, -0.072396,  0.191762, -0.119337]]


============================================================
Camada: dropout
Shape: (1, 16)
============================================================

[[ 0.11799 ,  0.167919,  0.163724, -0.091377,  0.172387, -0.117508,
  -0.190538,  0.098605, -0.1054  , -0.239831,  0.095193,  0.174874,
   0.080723, -0.072396,  0.191762, -0.119337]]


============================================================
Camada: dense
Shape: (1, 32)
============================================================

[[0.      , 0.738584, 0.      , 0.757255, 0.      , 0.      , 0.      ,
  0.742756, 0.746906, 0.      , 0.758628, 0.      , 0.      , 0.      ,
  0.      , 0.      , 0.      , 0.847036, 0.      , 0.950832, 0.      ,
  0.      , 0.987297, 0.      , 0.      , 0.      , 0.      , 0.      ,
  0.      , 0.545546, 0.      , 0.77878 ]]


============================================================
Camada: dropout_1
Shape: (1, 32)
============================================================

[[0.      , 0.738584, 0.      , 0.757255, 0.      , 0.      , 0.      ,
  0.742756, 0.746906, 0.      , 0.758628, 0.      , 0.      , 0.      ,
  0.      , 0.      , 0.      , 0.847036, 0.      , 0.950832, 0.      ,
  0.      , 0.987297, 0.      , 0.      , 0.      , 0.      , 0.      ,
  0.      , 0.545546, 0.      , 0.77878 ]]


============================================================
Camada: dense_1
Shape: (1, 1)
============================================================

[[0.03116]]

