Verilog Python GroundTruth
0.095627 0.015472           1
0.682266 0.945175           1
0.329269 0.030731           0
0.851364 0.993515           1
0.219757 0.013565           0
0.882065 0.942795           1
0.856506 0.988007           1
0.215027 0.174789           1
0.781921 0.056091           0
0.264771 0.075653           0
0.560944 0.033630           0
0.826965 0.941620           1
0.233459 0.014069           0
0.143417 0.028564           0
0.208878 0.007324           0
0.227310 0.211563           1
0.809891 0.796494           1
0.653717 0.587067           1
0.625427 0.951889           1
0.492249 0.713593           1
