Verilog Python GroundTruth
0.095490 0.015472           1
0.682327 0.945175           1
0.329224 0.030731           0
0.851868 0.993515           1
0.219681 0.013565           0
0.882111 0.942795           1
0.856598 0.988007           1
0.215027 0.174789           1
0.781921 0.056091           0
0.264771 0.075653           0
0.560898 0.033630           0
0.827057 0.941620           1
0.233414 0.014069           0
0.143402 0.028564           0
0.208496 0.007324           0
0.227295 0.211563           1
0.809906 0.796494           1
0.653732 0.587067           1
0.625504 0.951889           1
0.492203 0.713593           1
