Verilog Python GroundTruth
0.185059 0.173584           1
0.393234 0.207809           1
0.503464 0.263687           0
1.000000 0.958725           1
0.279785 0.142746           0
0.889923 0.804352           1
0.877335 0.913940           1
0.188705 0.241089           1
0.774414 0.802765           0
0.174881 0.074265           0
0.569611 0.194138           0
0.778717 0.743927           1
0.220535 0.093597           0
0.180161 0.026642           0
0.216095 0.012680           0
0.217575 0.224930           1
0.830948 0.817383           1
0.847488 0.720169           1
0.306992 0.425476           1
0.785034 0.805588           1
0.197418 0.179886           1
0.479050 0.365814           1
0.825119 0.960968           1
0.804230 0.877625           1
0.346039 0.436005           1
0.819641 0.794006           1
0.419037 0.748886           1
0.890289 0.961716           1
0.678848 0.774429           0
0.162689 0.144318           1
0.235504 0.065109           0
0.625137 0.769226           1
0.521469 0.621704           0
0.000000 0.015182           0
0.868332 0.944794           1
0.378845 0.259811           0
0.139343 0.023972           0
0.366455 0.180878           0
0.212051 0.087692           0
0.449402 0.191132           0
