Verilog Python GroundTruth
0.000000 0.031160           1
1.000000 0.970640           1
0.000000 0.022189           0
1.000000 0.994525           1
0.000000 0.007520           0
1.000000 0.995273           1
1.000000 0.990161           1
0.073927 0.103952           1
0.102516 0.125167           0
0.293295 0.293297           0
0.368151 0.050872           0
1.000000 0.970245           1
0.000000 0.005971           0
0.000000 0.019598           0
0.000000 0.001995           0
0.372850 0.372822           1
0.936913 0.900215           1
0.984281 0.919364           1
1.000000 0.976248           1
0.806508 0.803759           1
0.820296 0.817829           1
1.000000 0.965779           1
1.000000 0.971215           1
0.236139 0.235948           1
0.581301 0.581272           1
0.950515 0.906447           1
1.000000 0.974055           1
1.000000 0.998327           1
0.276391 0.276397           0
0.714648 0.714608           1
0.066768 0.101261           0
0.783876 0.784012           1
0.498097 0.498044           0
0.000000 0.005809           0
0.641444 0.951005           1
0.698219 0.698155           0
0.000000 0.003237           0
0.015609 0.081033           0
0.000000 0.003115           0
0.000000 0.014217           0
0.000000 0.010189           0
0.607962 0.608142           1
0.000000 0.015189           0
0.449497 0.059960           0
1.000000 0.973321           1
1.000000 0.993811           1
0.707237 0.707216           1
1.000000 0.993248           1
1.000000 0.985007           1
0.595498 0.595915           1
0.164744 0.169949           0
1.000000 0.998392           1
0.000000 0.036478           0
0.973848 0.915915           1
0.423863 0.057507           0
1.000000 0.992886           1
0.000000 0.003901           0
0.815288 0.812668           1
0.889470 0.872853           0
0.000000 0.009312           0
0.000000 0.007726           0
0.383884 0.383796           0
0.000000 0.037086           0
0.837689 0.832439           0
0.965511 0.912860           1
0.133726 0.143321           1
0.000000 0.003824           0
0.098206 0.120709           0
0.031572 0.086245           0
0.912048 0.887203           0
0.000000 0.014283           0
0.000000 0.034232           0
0.130300 0.139566           0
0.277252 0.277231           0
1.000000 0.987776           1
0.921352 0.892866           1
0.000000 0.012109           0
1.000000 0.923825           1
0.132973 0.142605           0
0.000000 0.073696           0
0.000000 0.045605           0
0.000000 0.003230           0
1.000000 0.930820           1
1.000000 0.985221           1
1.000000 0.959826           1
0.764788 0.765469           0
1.000000 0.997998           1
1.000000 0.970133           1
0.587493 0.945303           1
0.770470 0.770608           1
0.000000 0.014497           0
0.203366 0.206231           0
0.480954 0.480925           0
0.000000 0.009671           0
0.156700 0.162103           1
1.000000 0.985960           1
1.000000 0.977277           1
1.000000 0.926863           1
1.000000 0.963807           1
0.903139 0.883147           1
0.315413 0.315388           1
0.000000 0.001922           0
0.000000 0.006680           0
1.000000 0.996822           1
0.000000 0.008382           0
1.000000 0.924362           1
0.000000 0.011290           0
0.000000 0.009250           0
1.000000 0.995496           1
0.005133 0.078455           0
0.257176 0.257177           0
0.000000 0.002333           0
0.000000 0.021042           0
0.000000 0.010463           0
0.000000 0.042500           0
0.374968 0.374913           0
0.916843 0.890051           1
0.624895 0.949201           1
1.000000 0.991052           1
1.000000 0.995805           1
0.000000 0.028385           0
1.000000 0.993117           1
0.835910 0.830673           1
1.000000 0.989240           1
0.475816 0.066928           0
0.578733 0.581888           1
0.515251 0.934093           1
0.000000 0.034392           0
0.000000 0.073301           0
0.000000 0.021888           0
0.442590 0.442546           0
1.000000 0.990090           1
0.626892 0.949556           1
0.000000 0.013457           0
1.000000 0.997538           1
1.000000 0.964911           1
0.851991 0.844387           0
0.000000 0.034569           0
1.000000 0.976395           1
1.000000 0.993775           1
0.612194 0.612112           0
0.815078 0.812476           1
0.917431 0.891313           1
1.000000 0.970154           1
0.000000 0.004394           0
0.777896 0.777982           1
0.110269 0.130421           0
1.000000 0.955538           1
0.763759 0.763907           0
1.000000 0.987686           1
1.000000 0.995421           1
0.000000 0.036481           0
0.109226 0.125301           0
1.000000 0.980825           1
0.456641 0.061138           0
0.896002 0.877285           1
0.999235 0.923189           1
0.287710 0.287701           0
0.000000 0.015718           0
0.141091 0.148607           0
1.000000 0.996385           1
0.423695 0.423785           1
1.000000 0.964683           1
0.129672 0.138797           0
0.386338 0.386295           0
1.000000 0.985670           1
0.028870 0.086425           0
0.462737 0.462700           0
0.046332 0.092394           0
0.884183 0.870136           0
1.000000 0.981321           1
1.000000 0.997159           1
0.157344 0.162315           0
0.566960 0.942722           1
0.000000 0.010379           0
0.917736 0.891770           1
0.385060 0.385039           1
1.000000 0.978948           1
0.000000 0.035970           0
0.415227 0.055757           0
0.000000 0.016459           0
0.121435 0.133176           1
0.347183 0.347132           1
0.188244 0.190974           1
1.000000 0.983756           1
1.000000 0.995809           1
1.000000 0.975526           1
0.000000 0.013185           0
1.000000 0.961691           1
0.000000 0.005274           0
1.000000 0.964876           1
1.000000 0.964409           1
1.000000 0.995957           1
0.523619 0.523616           0
1.000000 0.989777           1
0.040210 0.089300           0
0.926047 0.896445           1
0.000000 0.013598           0
0.734217 0.734179           1
0.415866 0.415839           1
0.768020 0.768563           0
0.000000 0.011908           0
0.000000 0.008965           0
1.000000 0.981636           1
0.796583 0.793709           1
1.000000 0.977967           1
0.648079 0.951629           1
1.000000 0.998851           1
1.000000 0.980958           1
0.947457 0.906117           1
0.505146 0.505074           1
1.000000 0.997144           1
1.000000 0.983494           1
0.882365 0.867966           0
0.738809 0.738767           1
0.729689 0.730968           0
0.822185 0.819713           1
0.000000 0.004938           0
0.000000 0.010285           0
0.000000 0.045886           0
1.000000 0.989529           1
0.245979 0.245973           0
1.000000 0.995817           1
0.059416 0.098046           0
0.816542 0.814110           0
0.996881 0.922635           1
0.787293 0.787474           1
1.000000 0.967002           1
0.000000 0.018458           0
0.082357 0.112246           0
1.000000 0.975407           1
0.744094 0.744016           0
0.000000 0.005167           0
1.000000 0.991537           1
0.181337 0.185026           0
0.434114 0.434361           0
0.976831 0.916271           1
1.000000 0.980858           1
0.000000 0.029382           0
0.000000 0.036773           0
0.840348 0.835237           0
0.000000 0.004655           0
0.103776 0.124304           0
0.108613 0.124590           0
0.639039 0.950727           0
0.000000 0.041628           0
0.063002 0.100068           0
1.000000 0.990605           1
0.192549 0.195258           0
1.000000 0.977331           1
0.654973 0.952252           1
1.000000 0.966219           1
0.917481 0.891428           1
0.000000 0.001744           0
0.656788 0.657948           0
0.000000 0.020172           0
0.181188 0.183778           0
0.456544 0.062051           0
0.000000 0.031989           0
1.000000 0.993703           1
0.087361 0.111813           0
0.660156 0.661815           1
0.530358 0.530264           0
0.220331 0.220161           0
0.787776 0.787893           1
0.000000 0.030334           0
1.000000 0.965883           1
0.563818 0.942466           0
1.000000 0.994609           1
1.000000 0.995314           1
0.000000 0.041884           0
0.331352 0.331339           1
0.000000 0.013192           0
0.467429 0.063186           0
0.847103 0.842548           1
0.000000 0.006310           0
1.000000 0.971004           1
0.986834 0.919862           1
1.000000 0.995279           1
0.575994 0.944224           1
0.000000 0.004897           0
1.000000 0.988490           1
1.000000 0.997376           1
0.979371 0.917304           1
0.968481 0.913898           1
0.989701 0.920389           1
0.125020 0.137272           0
1.000000 0.928095           1
0.000000 0.022700           0
1.000000 0.982089           1
1.000000 0.956646           1
1.000000 0.960602           1
0.373016 0.372930           1
0.614571 0.948267           1
0.000000 0.016594           0
0.000000 0.003344           0
0.000000 0.022955           0
1.000000 0.989043           1
0.429521 0.430354           1
0.344384 0.049543           0
0.000000 0.044403           0
1.000000 0.983467           1
0.000000 0.074180           0
0.028605 0.085741           0
1.000000 0.989117           1
1.000000 0.996088           1
0.782305 0.782451           0
0.070469 0.102832           0
0.000000 0.017079           0
0.317900 0.317868           0
0.142790 0.149995           0
0.000000 0.007297           0
1.000000 0.954209           1
0.563649 0.942164           1
0.000000 0.073117           0
0.550327 0.550304           1
0.725125 0.725111           0
0.979188 0.917496           1
1.000000 0.957365           1
0.000000 0.011735           0
0.605841 0.606863           0
0.000000 0.016021           0
0.623153 0.623114           1
0.390806 0.390775           0
0.000000 0.067965           0
0.811831 0.809068           1
0.461347 0.461333           1
1.000000 0.979625           1
1.000000 0.997372           1
0.543556 0.939131           1
0.148360 0.156102           0
0.000000 0.022281           0
0.000000 0.007154           0
1.000000 0.987387           1
0.643830 0.951123           1
1.000000 0.984809           1
0.460075 0.061676           0
0.885979 0.872629           1
0.335992 0.335914           0
0.000000 0.030362           0
1.000000 0.975116           1
0.882511 0.868562           1
0.000000 0.006127           0
0.326532 0.326520           0
0.000000 0.041687           0
0.351142 0.049009           0
0.000000 0.005854           0
0.000000 0.010452           0
0.423894 0.056664           0
0.973870 0.915874           1
0.000000 0.007184           0
0.515874 0.934460           1
0.000000 0.018759           0
0.181222 0.183815           0
0.000000 0.008912           0
0.441383 0.441503           0
0.097131 0.117323           0
1.000000 0.968562           1
0.000000 0.043084           0
0.000000 0.023453           0
0.000000 0.003160           0
0.126004 0.138187           0
0.000000 0.015955           0
0.233759 0.233571           0
0.825564 0.823219           0
1.000000 0.995390           1
0.912525 0.888040           1
0.000000 0.005714           0
1.000000 0.957939           1
0.220154 0.219985           0
0.947241 0.904873           1
0.515137 0.934006           1
1.000000 0.977138           1
0.000000 0.027084           0
1.000000 0.993925           1
1.000000 0.994383           1
0.532548 0.937570           1
0.423927 0.056395           0
0.018141 0.082015           0
0.452838 0.061106           0
0.835095 0.829873           1
0.553185 0.553108           0
0.353847 0.048904           0
0.124939 0.136843           0
0.000000 0.024439           0
0.717126 0.717098           1
0.500896 0.500859           0
1.000000 0.985936           1
0.210902 0.210742           0
0.398667 0.053194           0
0.000000 0.003086           0
0.000000 0.003996           0
1.000000 0.973209           1
0.000000 0.011013           0
0.000000 0.003330           0
1.000000 0.959468           1
1.000000 0.924219           1
0.000000 0.013323           0
0.000000 0.072613           0
0.401566 0.053495           0
0.738659 0.738647           0
0.000000 0.017182           0
1.000000 0.996338           1
1.000000 0.996138           1
0.299989 0.299953           0
0.947341 0.906045           1
0.752449 0.752415           0
1.000000 0.982799           0
0.160853 0.165929           0
1.000000 0.989806           1
0.708054 0.708013           0
0.411102 0.411056           1
1.000000 0.964590           1
0.000000 0.020309           0
0.023576 0.083851           1
0.000000 0.022991           0
1.000000 0.982825           1
0.000000 0.005827           0
0.049486 0.093516           0
0.929989 0.898342           1
0.000000 0.005684           0
0.436265 0.057908           0
0.873715 0.861540           1
1.000000 0.994901           1
1.000000 0.997027           1
0.000000 0.010031           0
0.820716 0.818261           1
0.306437 0.306385           0
0.189872 0.192585           0
0.558120 0.558073           1
0.000000 0.047293           0
0.028703 0.085540           0
0.110434 0.126866           1
0.342559 0.049590           0
0.870194 0.861029           0
1.000000 0.975970           1
1.000000 0.967720           1
0.937001 0.900869           1
0.000000 0.018086           0
1.000000 0.929721           1
0.000000 0.011102           0
0.000000 0.014333           0
1.000000 0.960967           1
1.000000 0.996984           1
0.000000 0.003993           0
1.000000 0.996966           1
0.052604 0.094578           0
0.171390 0.175996           0
0.000000 0.075113           0
0.490234 0.490181           0
0.448600 0.448556           0
0.000000 0.013765           0
1.000000 0.993683           1
0.467834 0.063186           0
1.000000 0.995390           1
0.891683 0.875842           1
0.000000 0.007816           0
1.000000 0.985570           1
1.000000 0.974936           1
0.536163 0.937910           1
0.566835 0.942566           1
0.000000 0.002870           0
0.195463 0.198344           1
0.876518 0.864827           1
1.000000 0.983637           1
0.749718 0.752935           0
0.722313 0.722259           1
0.000000 0.011736           0
1.000000 0.994972           1
0.953645 0.908331           1
1.000000 0.990413           1
1.000000 0.990825           1
0.000000 0.041043           0
0.907274 0.884685           0
0.563652 0.942064           1
0.000000 0.029164           0
0.005288 0.078341           0
1.000000 0.962293           1
0.153534 0.160588           0
1.000000 0.996905           1
0.524131 0.935760           1
0.903393 0.883589           1
0.802128 0.799346           0
0.000000 0.019829           0
0.040241 0.090512           1
0.000000 0.004074           0
0.315655 0.315624           1
1.000000 0.959209           1
0.876533 0.865053           1
1.000000 0.927007           1
1.000000 0.993490           1
0.382625 0.052378           0
0.000000 0.009043           0
1.000000 0.993354           1
0.578850 0.944305           1
0.000000 0.025087           0
0.236473 0.236287           0
0.582082 0.582063           1
1.000000 0.993264           1
1.000000 0.976691           1
0.000000 0.009789           0
1.000000 0.993851           1
1.000000 0.986080           1
0.528491 0.936716           1
1.000000 0.998246           1
0.770871 0.770983           0
0.000000 0.067289           0
1.000000 0.933149           1
0.382934 0.051921           0
0.000000 0.027220           0
0.273906 0.273861           1
0.000000 0.006006           0
0.770053 0.770266           1
0.733019 0.733064           0
0.000000 0.004892           0
0.000000 0.042193           0
0.546341 0.546322           0
0.806568 0.803806           1
1.000000 0.992408           1
0.230751 0.230578           0
0.000000 0.038743           0
0.989811 0.920045           1
0.000000 0.021316           0
0.508647 0.508594           1
0.557328 0.557244           0
0.000000 0.026780           0
1.000000 0.993117           1
0.890743 0.874578           0
1.000000 0.981487           1
0.091877 0.114071           0
0.000000 0.008514           0
0.000000 0.025750           0
0.532206 0.937371           1
1.000000 0.957761           0
0.634655 0.950159           0
1.000000 0.987040           1
0.471304 0.063137           0
0.569992 0.942932           1
0.310461 0.310391           1
0.528314 0.936585           1
0.096622 0.118268           0
0.511298 0.933633           1
0.000000 0.003760           0
0.950506 0.906292           1
0.877175 0.865863           0
0.925648 0.895222           1
1.000000 0.967587           1
0.000000 0.013881           0
0.000000 0.030479           0
0.839914 0.835153           1
1.000000 0.987169           1
0.896240 0.877654           1
0.087170 0.111449           0
0.178365 0.180804           0
0.122620 0.134788           0
1.000000 0.989945           1
0.573014 0.943192           0
0.175949 0.178231           0
1.000000 0.974435           1
0.883018 0.868736           1
0.000000 0.003184           0
0.406048 0.405959           0
0.290429 0.290395           1
0.788590 0.788712           1
0.524556 0.524501           0
0.000000 0.002428           0
1.000000 0.956968           1
1.000000 0.993213           1
1.000000 0.982850           1
0.763963 0.764105           1
1.000000 0.995300           1
1.000000 0.924815           1
0.870357 0.861222           1
0.000000 0.031703           0
0.000000 0.016192           0
0.562340 0.562250           0
0.798592 0.795695           0
0.937167 0.900878           1
0.000000 0.012308           0
0.000000 0.046124           0
1.000000 0.981876           1
0.125126 0.139370           0
0.000000 0.039011           0
0.070045 0.101978           0
1.000000 0.991393           1
0.000000 0.012720           0
1.000000 0.968701           0
0.903708 0.883923           1
0.989595 0.920330           1
0.083095 0.109879           0
0.000000 0.007799           0
0.572858 0.572815           1
0.000000 0.011130           0
0.000000 0.023667           0
0.000000 0.005816           0
1.000000 0.979271           1
0.000000 0.006977           0
0.929389 0.896725           1
0.000000 0.003744           0
0.000000 0.008295           0
1.000000 0.992636           1
1.000000 0.995522           1
0.820783 0.818338           1
1.000000 0.983302           1
0.000000 0.024511           0
0.885842 0.872450           1
0.000000 0.012613           0
0.853693 0.846211           1
0.563781 0.942361           1
0.000000 0.003753           0
0.000000 0.003653           0
1.000000 0.978086           1
0.329224 0.329186           0
0.813148 0.810550           1
1.000000 0.983211           1
0.968694 0.913225           1
0.447722 0.447711           1
0.623778 0.623843           0
0.197225 0.200099           0
0.494253 0.495442           0
0.981732 0.918364           1
0.184507 0.187087           0
0.449348 0.059778           0
0.584911 0.944860           1
0.769641 0.769806           1
1.000000 0.931134           1
0.598812 0.946518           1
0.000000 0.037670           0
0.516025 0.934562           1
0.832077 0.826698           1
1.000000 0.974177           1
0.232152 0.231964           0
0.245738 0.245732           0
0.000000 0.017440           0
0.473918 0.473877           1
0.000000 0.009494           0
1.000000 0.962312           1
0.873731 0.861382           1
0.436248 0.058344           0
1.000000 0.997958           1
0.779653 0.779790           0
0.000000 0.012758           0
0.436298 0.057938           0
0.000000 0.040055           0
1.000000 0.991893           1
1.000000 0.996865           1
1.000000 0.925198           1
0.000000 0.067716           0
0.000000 0.004182           0
0.467033 0.467561           0
0.299483 0.299439           0
0.000000 0.005760           0
0.059308 0.097214           0
0.086667 0.111930           0
0.000000 0.015135           0
0.857258 0.851602           1
0.587789 0.945094           0
1.000000 0.985613           1
0.256954 0.257301           0
0.877070 0.865381           0
0.000000 0.037076           0
0.000000 0.013280           0
1.000000 0.988872           1
1.000000 0.981516           1
0.835540 0.830295           1
0.000000 0.022166           0
0.018027 0.083771           0
0.000000 0.006618           0
1.000000 0.996188           1
1.000000 0.984800           1
0.225013 0.224830           0
0.000000 0.001858           0
0.000000 0.046282           0
0.452817 0.452753           1
0.000000 0.023741           0
0.000000 0.008925           0