
============================================================
Camada: embedding_8
Shape: (1, 120, 4)
============================================================

[[[ 0.009674,  0.008805,  0.005569, -0.00816 ],
  [ 0.009674,  0.008805,  0.005569, -0.00816 ],
  [ 0.009674,  0.008805,  0.005569, -0.00816 ],
  [ 0.009674,  0.008805,  0.005569, -0.00816 ],
  [ 0.009674,  0.008805,  0.005569, -0.00816 ],
  [ 0.009674,  0.008805,  0.005569, -0.00816 ],
  [ 0.009674,  0.008805,  0.005569, -0.00816 ],
  [ 0.009674,  0.008805,  0.005569, -0.00816 ],
  [ 0.009674,  0.008805,  0.005569, -0.00816 ],
  [ 0.009674,  0.008805,  0.005569, -0.00816 ],
  [ 0.009674,  0.008805,  0.005569, -0.00816 ],
  [ 0.034572, -0.015825,  0.008835, -0.006479],
  [-0.092467,  0.071289,  0.065631, -0.089845],
  [ 0.010188, -0.015894, -0.005988,  0.009131],
  [ 0.010664,  0.033892, -0.015073, -0.036172],
  [ 0.010452, -0.039386, -0.007335,  0.027848],
  [-0.041815, -0.046575,  0.002059,  0.024913],
  [ 0.0041  , -0.025425,  0.02822 ,  0.016181],
  [ 0.010452, -0.039386, -0.007335,  0.027848],
  [-0.058464,  0.046114,  0.021376, -0.048072],
  [ 0.042533, -0.03065 , -0.057253,  0.082554],
  [ 0.045609, -0.04967 , -0.089776,  0.121616],
  [ 0.01455 , -0.034111,  0.014769, -0.015345],
  [ 0.018984, -0.051478, -0.036792,  0.040468],
  [-0.0046  , -0.021544,  0.014853, -0.008061],
  [-0.058019,  0.11339 ,  0.108128, -0.097981],
  [ 0.010188, -0.015894, -0.005988,  0.009131],
  [ 0.000643, -0.010971,  0.014954, -0.005092],
  [ 0.052484, -0.043282, -0.000597,  0.030143],
  [-0.06115 ,  0.050755, -0.014071, -0.065139],
  [ 0.010188, -0.015894, -0.005988,  0.009131],
  [ 0.046657, -0.001251, -0.024593, -0.000454],
  [-0.029798,  0.001026,  0.068567, -0.033376],
  [ 0.010188, -0.015894, -0.005988,  0.009131],
  [-0.014059,  0.023913, -0.001848, -0.00255 ],
  [ 0.010851,  0.029656,  0.004158,  0.051535],
  [ 0.08962 , -0.021087, -0.036436,  0.029655],
  [-0.021638, -0.013218,  0.017035, -0.032719],
  [-0.121772,  0.075257,  0.043636, -0.068851],
  [-0.021638, -0.013218,  0.017035, -0.032719],
  [-0.012836,  0.052124,  0.036276, -0.039595],
  [-0.014059,  0.023913, -0.001848, -0.00255 ],
  [ 0.05773 ,  0.004223, -0.047393,  0.051302],
  [ 0.201935, -0.222667, -0.231211,  0.263067],
  [ 0.046657, -0.001251, -0.024593, -0.000454],
  [-0.029798,  0.001026,  0.068567, -0.033376],
  [-0.005584,  0.002515,  0.006352, -0.039221],
  [ 0.032317, -0.00915 ,  0.013244,  0.061273],
  [ 0.027587,  0.025278,  0.011619, -0.028648],
  [ 0.010188, -0.015894, -0.005988,  0.009131],
  [ 0.201935, -0.222667, -0.231211,  0.263067],
  [ 0.027587,  0.025278,  0.011619, -0.028648],
  [ 0.006415, -0.0041  ,  0.013175,  0.00757 ],
  [ 0.041807,  0.009604, -0.004017, -0.023415],
  [-0.002853,  0.025462, -0.013382, -0.038847],
  [-0.039175,  0.023409,  0.064201, -0.045707],
  [ 0.018642,  0.013743, -0.03833 ,  0.016295],
  [ 0.030988, -0.007557,  0.003018,  0.072785],
  [-0.010001,  0.047017,  0.017572, -0.043766],
  [-0.038256,  0.045436,  0.037291, -0.015583],
  [ 0.066428, -0.055371,  0.029027,  0.045686],
  [ 0.041235,  0.016549, -0.011808, -0.008146],
  [-0.0732  ,  0.011801, -0.023945,  0.025372],
  [ 0.030791,  0.015527,  0.020882, -0.008882],
  [ 0.010188, -0.015894, -0.005988,  0.009131],
  [-0.029798,  0.001026,  0.068567, -0.033376],
  [ 0.041235,  0.016549, -0.011808, -0.008146],
  [ 0.027585, -0.027731, -0.07036 ,  0.042011],
  [-0.003019, -0.054736, -0.024898,  0.02298 ],
  [ 0.021048, -0.008626,  0.020981,  0.049499],
  [ 0.066428, -0.055371,  0.029027,  0.045686],
  [ 0.031226, -0.021732,  0.021462,  0.020381],
  [-0.095185,  0.090301,  0.086164,  0.007003],
  [ 0.019587,  0.011641,  0.027688, -0.056263],
  [ 0.03065 , -0.032095, -0.06106 ,  0.031367],
  [ 0.048145,  0.010126, -0.049588,  0.062749],
  [-0.066756,  0.066249,  0.040384,  0.056253],
  [-0.026547,  0.012495,  0.025705,  0.021249],
  [ 0.003516,  0.024791,  0.027495, -0.009911],
  [ 0.010188, -0.015894, -0.005988,  0.009131],
  [ 0.003516,  0.024791,  0.027495, -0.009911],
  [ 0.017213, -0.001375,  0.002012, -0.022944],
  [ 0.010188, -0.015894, -0.005988,  0.009131],
  [-0.028171,  0.02357 ,  0.020722, -0.043199],
  [-0.066756,  0.066249,  0.040384,  0.056253],
  [ 0.010188, -0.015894, -0.005988,  0.009131],
  [-0.034073,  0.065323,  0.059571, -0.094278],
  [ 0.042533, -0.03065 , -0.057253,  0.082554],
  [ 0.010188, -0.015894, -0.005988,  0.009131],
  [ 0.010188, -0.015894, -0.005988,  0.009131],
  [-0.000743, -0.027275, -0.04067 ,  0.065607],
  [-0.077533,  0.04209 ,  0.041609, -0.019512],
  [ 0.010188, -0.015894, -0.005988,  0.009131],
  [-0.004959,  0.017136, -0.012865,  0.061759],
  [ 0.029932, -0.041797,  0.011916,  0.032314],
  [-0.003788, -0.079023, -0.040344,  0.011167],
  [ 0.010188, -0.015894, -0.005988,  0.009131],
  [ 0.016801, -0.027136,  0.002087,  0.066013],
  [ 0.201935, -0.222667, -0.231211,  0.263067],
  [ 0.027587,  0.025278,  0.011619, -0.028648],
  [ 0.014475,  0.0487  ,  0.043491,  0.001051],
  [ 0.010188, -0.015894, -0.005988,  0.009131],
  [ 0.010188, -0.015894, -0.005988,  0.009131],
  [ 0.029932, -0.041797,  0.011916,  0.032314],
  [-0.016673, -0.007454,  0.021555, -0.054909],
  [-0.016673, -0.007454,  0.021555, -0.054909],
  [ 0.038168,  0.024075, -0.011775,  0.021888],
  [ 0.010188, -0.015894, -0.005988,  0.009131],
  [ 0.010188, -0.015894, -0.005988,  0.009131],
  [ 0.006618, -0.016122, -0.046524,  0.035312],
  [-0.068494,  0.017039,  0.056268, -0.011172],
  [ 0.01771 , -0.020533,  0.022721,  0.039856],
  [-0.06115 ,  0.050755, -0.014071, -0.065139],
  [ 0.010188, -0.015894, -0.005988,  0.009131],
  [ 0.027587,  0.025278,  0.011619, -0.028648],
  [ 0.198521, -0.223695, -0.232904,  0.208411],
  [ 0.201935, -0.222667, -0.231211,  0.263067],
  [-0.040892,  0.024084,  0.009453, -0.050696],
  [ 0.01503 , -0.022704, -0.002682,  0.042943],
  [-0.021404,  0.054013,  0.046758, -0.053395]]]


============================================================
Camada: spatial_dropout1d_8
Shape: (1, 120, 4)
============================================================

[[[ 0.009674,  0.008805,  0.005569, -0.00816 ],
  [ 0.009674,  0.008805,  0.005569, -0.00816 ],
  [ 0.009674,  0.008805,  0.005569, -0.00816 ],
  [ 0.009674,  0.008805,  0.005569, -0.00816 ],
  [ 0.009674,  0.008805,  0.005569, -0.00816 ],
  [ 0.009674,  0.008805,  0.005569, -0.00816 ],
  [ 0.009674,  0.008805,  0.005569, -0.00816 ],
  [ 0.009674,  0.008805,  0.005569, -0.00816 ],
  [ 0.009674,  0.008805,  0.005569, -0.00816 ],
  [ 0.009674,  0.008805,  0.005569, -0.00816 ],
  [ 0.009674,  0.008805,  0.005569, -0.00816 ],
  [ 0.034572, -0.015825,  0.008835, -0.006479],
  [-0.092467,  0.071289,  0.065631, -0.089845],
  [ 0.010188, -0.015894, -0.005988,  0.009131],
  [ 0.010664,  0.033892, -0.015073, -0.036172],
  [ 0.010452, -0.039386, -0.007335,  0.027848],
  [-0.041815, -0.046575,  0.002059,  0.024913],
  [ 0.0041  , -0.025425,  0.02822 ,  0.016181],
  [ 0.010452, -0.039386, -0.007335,  0.027848],
  [-0.058464,  0.046114,  0.021376, -0.048072],
  [ 0.042533, -0.03065 , -0.057253,  0.082554],
  [ 0.045609, -0.04967 , -0.089776,  0.121616],
  [ 0.01455 , -0.034111,  0.014769, -0.015345],
  [ 0.018984, -0.051478, -0.036792,  0.040468],
  [-0.0046  , -0.021544,  0.014853, -0.008061],
  [-0.058019,  0.11339 ,  0.108128, -0.097981],
  [ 0.010188, -0.015894, -0.005988,  0.009131],
  [ 0.000643, -0.010971,  0.014954, -0.005092],
  [ 0.052484, -0.043282, -0.000597,  0.030143],
  [-0.06115 ,  0.050755, -0.014071, -0.065139],
  [ 0.010188, -0.015894, -0.005988,  0.009131],
  [ 0.046657, -0.001251, -0.024593, -0.000454],
  [-0.029798,  0.001026,  0.068567, -0.033376],
  [ 0.010188, -0.015894, -0.005988,  0.009131],
  [-0.014059,  0.023913, -0.001848, -0.00255 ],
  [ 0.010851,  0.029656,  0.004158,  0.051535],
  [ 0.08962 , -0.021087, -0.036436,  0.029655],
  [-0.021638, -0.013218,  0.017035, -0.032719],
  [-0.121772,  0.075257,  0.043636, -0.068851],
  [-0.021638, -0.013218,  0.017035, -0.032719],
  [-0.012836,  0.052124,  0.036276, -0.039595],
  [-0.014059,  0.023913, -0.001848, -0.00255 ],
  [ 0.05773 ,  0.004223, -0.047393,  0.051302],
  [ 0.201935, -0.222667, -0.231211,  0.263067],
  [ 0.046657, -0.001251, -0.024593, -0.000454],
  [-0.029798,  0.001026,  0.068567, -0.033376],
  [-0.005584,  0.002515,  0.006352, -0.039221],
  [ 0.032317, -0.00915 ,  0.013244,  0.061273],
  [ 0.027587,  0.025278,  0.011619, -0.028648],
  [ 0.010188, -0.015894, -0.005988,  0.009131],
  [ 0.201935, -0.222667, -0.231211,  0.263067],
  [ 0.027587,  0.025278,  0.011619, -0.028648],
  [ 0.006415, -0.0041  ,  0.013175,  0.00757 ],
  [ 0.041807,  0.009604, -0.004017, -0.023415],
  [-0.002853,  0.025462, -0.013382, -0.038847],
  [-0.039175,  0.023409,  0.064201, -0.045707],
  [ 0.018642,  0.013743, -0.03833 ,  0.016295],
  [ 0.030988, -0.007557,  0.003018,  0.072785],
  [-0.010001,  0.047017,  0.017572, -0.043766],
  [-0.038256,  0.045436,  0.037291, -0.015583],
  [ 0.066428, -0.055371,  0.029027,  0.045686],
  [ 0.041235,  0.016549, -0.011808, -0.008146],
  [-0.0732  ,  0.011801, -0.023945,  0.025372],
  [ 0.030791,  0.015527,  0.020882, -0.008882],
  [ 0.010188, -0.015894, -0.005988,  0.009131],
  [-0.029798,  0.001026,  0.068567, -0.033376],
  [ 0.041235,  0.016549, -0.011808, -0.008146],
  [ 0.027585, -0.027731, -0.07036 ,  0.042011],
  [-0.003019, -0.054736, -0.024898,  0.02298 ],
  [ 0.021048, -0.008626,  0.020981,  0.049499],
  [ 0.066428, -0.055371,  0.029027,  0.045686],
  [ 0.031226, -0.021732,  0.021462,  0.020381],
  [-0.095185,  0.090301,  0.086164,  0.007003],
  [ 0.019587,  0.011641,  0.027688, -0.056263],
  [ 0.03065 , -0.032095, -0.06106 ,  0.031367],
  [ 0.048145,  0.010126, -0.049588,  0.062749],
  [-0.066756,  0.066249,  0.040384,  0.056253],
  [-0.026547,  0.012495,  0.025705,  0.021249],
  [ 0.003516,  0.024791,  0.027495, -0.009911],
  [ 0.010188, -0.015894, -0.005988,  0.009131],
  [ 0.003516,  0.024791,  0.027495, -0.009911],
  [ 0.017213, -0.001375,  0.002012, -0.022944],
  [ 0.010188, -0.015894, -0.005988,  0.009131],
  [-0.028171,  0.02357 ,  0.020722, -0.043199],
  [-0.066756,  0.066249,  0.040384,  0.056253],
  [ 0.010188, -0.015894, -0.005988,  0.009131],
  [-0.034073,  0.065323,  0.059571, -0.094278],
  [ 0.042533, -0.03065 , -0.057253,  0.082554],
  [ 0.010188, -0.015894, -0.005988,  0.009131],
  [ 0.010188, -0.015894, -0.005988,  0.009131],
  [-0.000743, -0.027275, -0.04067 ,  0.065607],
  [-0.077533,  0.04209 ,  0.041609, -0.019512],
  [ 0.010188, -0.015894, -0.005988,  0.009131],
  [-0.004959,  0.017136, -0.012865,  0.061759],
  [ 0.029932, -0.041797,  0.011916,  0.032314],
  [-0.003788, -0.079023, -0.040344,  0.011167],
  [ 0.010188, -0.015894, -0.005988,  0.009131],
  [ 0.016801, -0.027136,  0.002087,  0.066013],
  [ 0.201935, -0.222667, -0.231211,  0.263067],
  [ 0.027587,  0.025278,  0.011619, -0.028648],
  [ 0.014475,  0.0487  ,  0.043491,  0.001051],
  [ 0.010188, -0.015894, -0.005988,  0.009131],
  [ 0.010188, -0.015894, -0.005988,  0.009131],
  [ 0.029932, -0.041797,  0.011916,  0.032314],
  [-0.016673, -0.007454,  0.021555, -0.054909],
  [-0.016673, -0.007454,  0.021555, -0.054909],
  [ 0.038168,  0.024075, -0.011775,  0.021888],
  [ 0.010188, -0.015894, -0.005988,  0.009131],
  [ 0.010188, -0.015894, -0.005988,  0.009131],
  [ 0.006618, -0.016122, -0.046524,  0.035312],
  [-0.068494,  0.017039,  0.056268, -0.011172],
  [ 0.01771 , -0.020533,  0.022721,  0.039856],
  [-0.06115 ,  0.050755, -0.014071, -0.065139],
  [ 0.010188, -0.015894, -0.005988,  0.009131],
  [ 0.027587,  0.025278,  0.011619, -0.028648],
  [ 0.198521, -0.223695, -0.232904,  0.208411],
  [ 0.201935, -0.222667, -0.231211,  0.263067],
  [-0.040892,  0.024084,  0.009453, -0.050696],
  [ 0.01503 , -0.022704, -0.002682,  0.042943],
  [-0.021404,  0.054013,  0.046758, -0.053395]]]


============================================================
Camada: lstm_8
Shape: (1, 8)
============================================================

[[-0.423659,  0.327619, -0.421377,  0.125957,  0.374263, -0.473582,
   0.094419,  0.306279]]


============================================================
Camada: dropout_16
Shape: (1, 8)
============================================================

[[-0.423659,  0.327619, -0.421377,  0.125957,  0.374263, -0.473582,
   0.094419,  0.306279]]


============================================================
Camada: dense_16
Shape: (1, 8)
============================================================

[[1.362782, 1.387172, 1.44117 , 0.      , 0.      , 0.935419, 0.      ,
  0.      ]]


============================================================
Camada: dropout_17
Shape: (1, 8)
============================================================

[[1.362782, 1.387172, 1.44117 , 0.      , 0.      , 0.935419, 0.      ,
  0.      ]]


============================================================
Camada: dense_17
Shape: (1, 1)
============================================================

[[0.015475]]

