# Saída da LSTM - Valores em float32
# Formato: [Neuron] [Value]
#----------------------------------------
          0 -0.171036
          1 0.122406
          2 -0.159409
          3 0.107590
          4 0.155167
          5 -0.210983
          6 0.031433
          7 0.142868

          0 0.036942
          1 -0.034332
          2 0.035370
          3 -0.048569
          4 -0.036682
          5 0.025345
          6 0.013687
          7 -0.038834

          0 -0.033127
          1 0.026184
          2 -0.024307
          3 0.023865
          4 0.026581
          5 -0.047241
          6 0.014175
          7 0.035126

          0 0.186554
          1 -0.215012
          2 0.164230
          3 -0.132965
          4 -0.161514
          5 0.186508
          6 -0.063385
          7 -0.219376

          0 -0.075882
          1 0.062363
          2 -0.066635
          3 0.043610
          4 0.063705
          5 -0.103256
          6 0.013947
          7 0.074417

          0 0.145737
          1 -0.156647
          2 0.114914
          3 -0.069366
          4 -0.109100
          5 0.140244
          6 -0.050934
          7 -0.152634

          0 0.100861
          1 -0.114670
          2 0.095856
          3 -0.129822
          4 -0.096619
          5 0.095337
          6 0.003189
          7 -0.122742

          0 -0.080734
          1 0.061050
          2 -0.068024
          3 0.043503
          4 0.052109
          5 -0.116302
          6 0.040329
          7 0.081604

          0 0.073441
          1 -0.073471
          2 0.060074
          3 -0.059326
          4 -0.058975
          5 0.068634
          6 -0.012436
          7 -0.076843

          0 -0.056473
          1 0.044601
          2 -0.038300
          3 0.032150
          4 0.040298
          5 -0.066269
          6 0.011566
          7 0.053696

          0 0.010971
          1 -0.017883
          2 0.018402
          3 -0.016083
          4 -0.025269
          5 -0.006393
          6 0.003738
          7 -0.006592

          0 0.081299
          1 -0.090057
          2 0.081528
          3 -0.121765
          4 -0.084976
          5 0.071091
          6 0.008362
          7 -0.097961

          0 -0.068695
          1 0.056992
          2 -0.057968
          3 0.044739
          4 0.058060
          5 -0.089783
          6 0.016891
          7 0.068863

          0 -0.138611
          1 0.108582
          2 -0.117386
          3 0.074158
          4 0.108673
          5 -0.173706
          6 0.040787
          7 0.125549

          0 -0.252869
          1 0.194351
          2 -0.228485
          3 0.117218
          4 0.210770
          5 -0.275909
          6 0.066650
          7 0.206131

          0 -0.072540
          1 0.050766
          2 -0.063370
          3 0.051483
          4 0.059082
          5 -0.102966
          6 0.016663
          7 0.072693

          0 0.076752
          1 -0.074768
          2 0.078873
          3 -0.097305
          4 -0.073013
          5 0.077194
          6 0.000336
          7 -0.089188

          0 0.040970
          1 -0.042999
          2 0.030609
          3 0.004974
          4 -0.026581
          5 0.032990
          6 -0.013245
          7 -0.032745

          0 0.016388
          1 -0.041443
          2 0.026550
          3 -0.026917
          4 -0.042465
          5 0.001099
          6 0.037003
          7 -0.020248

          0 -0.003159
          1 -0.005264
          2 0.005981
          3 -0.010986
          4 -0.012939
          5 -0.023666
          6 0.020264
          7 0.005829

