
============================================================
Camada: embedding
Shape: (1, 120, 4)
============================================================

[[[-8.023703e-03, -2.483059e-03, -3.024079e-03, -1.956316e-03],
  [-8.023703e-03, -2.483059e-03, -3.024079e-03, -1.956316e-03],
  [-8.023703e-03, -2.483059e-03, -3.024079e-03, -1.956316e-03],
  [-8.023703e-03, -2.483059e-03, -3.024079e-03, -1.956316e-03],
  [-8.023703e-03, -2.483059e-03, -3.024079e-03, -1.956316e-03],
  [-8.023703e-03, -2.483059e-03, -3.024079e-03, -1.956316e-03],
  [-8.023703e-03, -2.483059e-03, -3.024079e-03, -1.956316e-03],
  [-8.023703e-03, -2.483059e-03, -3.024079e-03, -1.956316e-03],
  [-8.023703e-03, -2.483059e-03, -3.024079e-03, -1.956316e-03],
  [-8.023703e-03, -2.483059e-03, -3.024079e-03, -1.956316e-03],
  [-8.023703e-03, -2.483059e-03, -3.024079e-03, -1.956316e-03],
  [-8.023703e-03, -2.483059e-03, -3.024079e-03, -1.956316e-03],
  [-8.023703e-03, -2.483059e-03, -3.024079e-03, -1.956316e-03],
  [-8.023703e-03, -2.483059e-03, -3.024079e-03, -1.956316e-03],
  [-8.023703e-03, -2.483059e-03, -3.024079e-03, -1.956316e-03],
  [-8.023703e-03, -2.483059e-03, -3.024079e-03, -1.956316e-03],
  [-8.023703e-03, -2.483059e-03, -3.024079e-03, -1.956316e-03],
  [-8.023703e-03, -2.483059e-03, -3.024079e-03, -1.956316e-03],
  [-8.023703e-03, -2.483059e-03, -3.024079e-03, -1.956316e-03],
  [-8.023703e-03, -2.483059e-03, -3.024079e-03, -1.956316e-03],
  [-8.023703e-03, -2.483059e-03, -3.024079e-03, -1.956316e-03],
  [-8.023703e-03, -2.483059e-03, -3.024079e-03, -1.956316e-03],
  [-8.023703e-03, -2.483059e-03, -3.024079e-03, -1.956316e-03],
  [-8.023703e-03, -2.483059e-03, -3.024079e-03, -1.956316e-03],
  [-8.023703e-03, -2.483059e-03, -3.024079e-03, -1.956316e-03],
  [-8.023703e-03, -2.483059e-03, -3.024079e-03, -1.956316e-03],
  [-8.023703e-03, -2.483059e-03, -3.024079e-03, -1.956316e-03],
  [-8.023703e-03, -2.483059e-03, -3.024079e-03, -1.956316e-03],
  [-8.023703e-03, -2.483059e-03, -3.024079e-03, -1.956316e-03],
  [-8.023703e-03, -2.483059e-03, -3.024079e-03, -1.956316e-03],
  [-8.023703e-03, -2.483059e-03, -3.024079e-03, -1.956316e-03],
  [-8.023703e-03, -2.483059e-03, -3.024079e-03, -1.956316e-03],
  [-8.023703e-03, -2.483059e-03, -3.024079e-03, -1.956316e-03],
  [-8.023703e-03, -2.483059e-03, -3.024079e-03, -1.956316e-03],
  [-8.023703e-03, -2.483059e-03, -3.024079e-03, -1.956316e-03],
  [-8.023703e-03, -2.483059e-03, -3.024079e-03, -1.956316e-03],
  [-8.023703e-03, -2.483059e-03, -3.024079e-03, -1.956316e-03],
  [-8.023703e-03, -2.483059e-03, -3.024079e-03, -1.956316e-03],
  [-8.023703e-03, -2.483059e-03, -3.024079e-03, -1.956316e-03],
  [-8.023703e-03, -2.483059e-03, -3.024079e-03, -1.956316e-03],
  [-8.023703e-03, -2.483059e-03, -3.024079e-03, -1.956316e-03],
  [-8.023703e-03, -2.483059e-03, -3.024079e-03, -1.956316e-03],
  [-8.023703e-03, -2.483059e-03, -3.024079e-03, -1.956316e-03],
  [-8.023703e-03, -2.483059e-03, -3.024079e-03, -1.956316e-03],
  [-8.023703e-03, -2.483059e-03, -3.024079e-03, -1.956316e-03],
  [-8.023703e-03, -2.483059e-03, -3.024079e-03, -1.956316e-03],
  [-8.023703e-03, -2.483059e-03, -3.024079e-03, -1.956316e-03],
  [-8.023703e-03, -2.483059e-03, -3.024079e-03, -1.956316e-03],
  [-8.023703e-03, -2.483059e-03, -3.024079e-03, -1.956316e-03],
  [-8.023703e-03, -2.483059e-03, -3.024079e-03, -1.956316e-03],
  [-8.023703e-03, -2.483059e-03, -3.024079e-03, -1.956316e-03],
  [-8.023703e-03, -2.483059e-03, -3.024079e-03, -1.956316e-03],
  [-8.023703e-03, -2.483059e-03, -3.024079e-03, -1.956316e-03],
  [-8.023703e-03, -2.483059e-03, -3.024079e-03, -1.956316e-03],
  [-8.023703e-03, -2.483059e-03, -3.024079e-03, -1.956316e-03],
  [-8.023703e-03, -2.483059e-03, -3.024079e-03, -1.956316e-03],
  [-8.023703e-03, -2.483059e-03, -3.024079e-03, -1.956316e-03],
  [-8.023703e-03, -2.483059e-03, -3.024079e-03, -1.956316e-03],
  [-8.023703e-03, -2.483059e-03, -3.024079e-03, -1.956316e-03],
  [-8.023703e-03, -2.483059e-03, -3.024079e-03, -1.956316e-03],
  [-8.023703e-03, -2.483059e-03, -3.024079e-03, -1.956316e-03],
  [-8.023703e-03, -2.483059e-03, -3.024079e-03, -1.956316e-03],
  [-8.023703e-03, -2.483059e-03, -3.024079e-03, -1.956316e-03],
  [-8.023703e-03, -2.483059e-03, -3.024079e-03, -1.956316e-03],
  [-8.023703e-03, -2.483059e-03, -3.024079e-03, -1.956316e-03],
  [-8.023703e-03, -2.483059e-03, -3.024079e-03, -1.956316e-03],
  [-8.023703e-03, -2.483059e-03, -3.024079e-03, -1.956316e-03],
  [-8.023703e-03, -2.483059e-03, -3.024079e-03, -1.956316e-03],
  [-8.023703e-03, -2.483059e-03, -3.024079e-03, -1.956316e-03],
  [-8.023703e-03, -2.483059e-03, -3.024079e-03, -1.956316e-03],
  [-8.023703e-03, -2.483059e-03, -3.024079e-03, -1.956316e-03],
  [-8.023703e-03, -2.483059e-03, -3.024079e-03, -1.956316e-03],
  [-8.023703e-03, -2.483059e-03, -3.024079e-03, -1.956316e-03],
  [-8.023703e-03, -2.483059e-03, -3.024079e-03, -1.956316e-03],
  [-8.023703e-03, -2.483059e-03, -3.024079e-03, -1.956316e-03],
  [-8.023703e-03, -2.483059e-03, -3.024079e-03, -1.956316e-03],
  [-8.023703e-03, -2.483059e-03, -3.024079e-03, -1.956316e-03],
  [-8.023703e-03, -2.483059e-03, -3.024079e-03, -1.956316e-03],
  [-8.023703e-03, -2.483059e-03, -3.024079e-03, -1.956316e-03],
  [-8.023703e-03, -2.483059e-03, -3.024079e-03, -1.956316e-03],
  [-8.023703e-03, -2.483059e-03, -3.024079e-03, -1.956316e-03],
  [-8.023703e-03, -2.483059e-03, -3.024079e-03, -1.956316e-03],
  [-8.023703e-03, -2.483059e-03, -3.024079e-03, -1.956316e-03],
  [-8.023703e-03, -2.483059e-03, -3.024079e-03, -1.956316e-03],
  [-8.023703e-03, -2.483059e-03, -3.024079e-03, -1.956316e-03],
  [-8.023703e-03, -2.483059e-03, -3.024079e-03, -1.956316e-03],
  [-8.023703e-03, -2.483059e-03, -3.024079e-03, -1.956316e-03],
  [-8.023703e-03, -2.483059e-03, -3.024079e-03, -1.956316e-03],
  [-8.023703e-03, -2.483059e-03, -3.024079e-03, -1.956316e-03],
  [-8.023703e-03, -2.483059e-03, -3.024079e-03, -1.956316e-03],
  [-8.023703e-03, -2.483059e-03, -3.024079e-03, -1.956316e-03],
  [-8.023703e-03, -2.483059e-03, -3.024079e-03, -1.956316e-03],
  [-8.023703e-03, -2.483059e-03, -3.024079e-03, -1.956316e-03],
  [-8.023703e-03, -2.483059e-03, -3.024079e-03, -1.956316e-03],
  [-8.023703e-03, -2.483059e-03, -3.024079e-03, -1.956316e-03],
  [-8.023703e-03, -2.483059e-03, -3.024079e-03, -1.956316e-03],
  [-8.023703e-03, -2.483059e-03, -3.024079e-03, -1.956316e-03],
  [-8.023703e-03, -2.483059e-03, -3.024079e-03, -1.956316e-03],
  [-8.023703e-03, -2.483059e-03, -3.024079e-03, -1.956316e-03],
  [-8.023703e-03, -2.483059e-03, -3.024079e-03, -1.956316e-03],
  [-8.023703e-03, -2.483059e-03, -3.024079e-03, -1.956316e-03],
  [-8.023703e-03, -2.483059e-03, -3.024079e-03, -1.956316e-03],
  [-8.023703e-03, -2.483059e-03, -3.024079e-03, -1.956316e-03],
  [-8.023703e-03, -2.483059e-03, -3.024079e-03, -1.956316e-03],
  [-8.023703e-03, -2.483059e-03, -3.024079e-03, -1.956316e-03],
  [-8.023703e-03, -2.483059e-03, -3.024079e-03, -1.956316e-03],
  [-8.023703e-03, -2.483059e-03, -3.024079e-03, -1.956316e-03],
  [-8.023703e-03, -2.483059e-03, -3.024079e-03, -1.956316e-03],
  [-8.023703e-03, -2.483059e-03, -3.024079e-03, -1.956316e-03],
  [-8.023703e-03, -2.483059e-03, -3.024079e-03, -1.956316e-03],
  [-8.023703e-03, -2.483059e-03, -3.024079e-03, -1.956316e-03],
  [-8.023703e-03, -2.483059e-03, -3.024079e-03, -1.956316e-03],
  [-8.023703e-03, -2.483059e-03, -3.024079e-03, -1.956316e-03],
  [-8.023703e-03, -2.483059e-03, -3.024079e-03, -1.956316e-03],
  [-8.023703e-03, -2.483059e-03, -3.024079e-03, -1.956316e-03],
  [-8.023703e-03, -2.483059e-03, -3.024079e-03, -1.956316e-03],
  [ 2.028702e-02,  9.941778e-05, -1.125302e-02, -1.745112e-02],
  [ 3.257119e-01, -3.278049e-01, -2.932310e-01, -3.154762e-01],
  [ 3.906846e-03, -2.139239e-03, -4.795418e-03,  3.680626e-03],
  [-2.721090e-02,  3.807532e-02,  5.096167e-02,  6.401943e-02]]]


============================================================
Camada: spatial_dropout1d
Shape: (1, 120, 4)
============================================================

[[[-8.023703e-03, -2.483059e-03, -3.024079e-03, -1.956316e-03],
  [-8.023703e-03, -2.483059e-03, -3.024079e-03, -1.956316e-03],
  [-8.023703e-03, -2.483059e-03, -3.024079e-03, -1.956316e-03],
  [-8.023703e-03, -2.483059e-03, -3.024079e-03, -1.956316e-03],
  [-8.023703e-03, -2.483059e-03, -3.024079e-03, -1.956316e-03],
  [-8.023703e-03, -2.483059e-03, -3.024079e-03, -1.956316e-03],
  [-8.023703e-03, -2.483059e-03, -3.024079e-03, -1.956316e-03],
  [-8.023703e-03, -2.483059e-03, -3.024079e-03, -1.956316e-03],
  [-8.023703e-03, -2.483059e-03, -3.024079e-03, -1.956316e-03],
  [-8.023703e-03, -2.483059e-03, -3.024079e-03, -1.956316e-03],
  [-8.023703e-03, -2.483059e-03, -3.024079e-03, -1.956316e-03],
  [-8.023703e-03, -2.483059e-03, -3.024079e-03, -1.956316e-03],
  [-8.023703e-03, -2.483059e-03, -3.024079e-03, -1.956316e-03],
  [-8.023703e-03, -2.483059e-03, -3.024079e-03, -1.956316e-03],
  [-8.023703e-03, -2.483059e-03, -3.024079e-03, -1.956316e-03],
  [-8.023703e-03, -2.483059e-03, -3.024079e-03, -1.956316e-03],
  [-8.023703e-03, -2.483059e-03, -3.024079e-03, -1.956316e-03],
  [-8.023703e-03, -2.483059e-03, -3.024079e-03, -1.956316e-03],
  [-8.023703e-03, -2.483059e-03, -3.024079e-03, -1.956316e-03],
  [-8.023703e-03, -2.483059e-03, -3.024079e-03, -1.956316e-03],
  [-8.023703e-03, -2.483059e-03, -3.024079e-03, -1.956316e-03],
  [-8.023703e-03, -2.483059e-03, -3.024079e-03, -1.956316e-03],
  [-8.023703e-03, -2.483059e-03, -3.024079e-03, -1.956316e-03],
  [-8.023703e-03, -2.483059e-03, -3.024079e-03, -1.956316e-03],
  [-8.023703e-03, -2.483059e-03, -3.024079e-03, -1.956316e-03],
  [-8.023703e-03, -2.483059e-03, -3.024079e-03, -1.956316e-03],
  [-8.023703e-03, -2.483059e-03, -3.024079e-03, -1.956316e-03],
  [-8.023703e-03, -2.483059e-03, -3.024079e-03, -1.956316e-03],
  [-8.023703e-03, -2.483059e-03, -3.024079e-03, -1.956316e-03],
  [-8.023703e-03, -2.483059e-03, -3.024079e-03, -1.956316e-03],
  [-8.023703e-03, -2.483059e-03, -3.024079e-03, -1.956316e-03],
  [-8.023703e-03, -2.483059e-03, -3.024079e-03, -1.956316e-03],
  [-8.023703e-03, -2.483059e-03, -3.024079e-03, -1.956316e-03],
  [-8.023703e-03, -2.483059e-03, -3.024079e-03, -1.956316e-03],
  [-8.023703e-03, -2.483059e-03, -3.024079e-03, -1.956316e-03],
  [-8.023703e-03, -2.483059e-03, -3.024079e-03, -1.956316e-03],
  [-8.023703e-03, -2.483059e-03, -3.024079e-03, -1.956316e-03],
  [-8.023703e-03, -2.483059e-03, -3.024079e-03, -1.956316e-03],
  [-8.023703e-03, -2.483059e-03, -3.024079e-03, -1.956316e-03],
  [-8.023703e-03, -2.483059e-03, -3.024079e-03, -1.956316e-03],
  [-8.023703e-03, -2.483059e-03, -3.024079e-03, -1.956316e-03],
  [-8.023703e-03, -2.483059e-03, -3.024079e-03, -1.956316e-03],
  [-8.023703e-03, -2.483059e-03, -3.024079e-03, -1.956316e-03],
  [-8.023703e-03, -2.483059e-03, -3.024079e-03, -1.956316e-03],
  [-8.023703e-03, -2.483059e-03, -3.024079e-03, -1.956316e-03],
  [-8.023703e-03, -2.483059e-03, -3.024079e-03, -1.956316e-03],
  [-8.023703e-03, -2.483059e-03, -3.024079e-03, -1.956316e-03],
  [-8.023703e-03, -2.483059e-03, -3.024079e-03, -1.956316e-03],
  [-8.023703e-03, -2.483059e-03, -3.024079e-03, -1.956316e-03],
  [-8.023703e-03, -2.483059e-03, -3.024079e-03, -1.956316e-03],
  [-8.023703e-03, -2.483059e-03, -3.024079e-03, -1.956316e-03],
  [-8.023703e-03, -2.483059e-03, -3.024079e-03, -1.956316e-03],
  [-8.023703e-03, -2.483059e-03, -3.024079e-03, -1.956316e-03],
  [-8.023703e-03, -2.483059e-03, -3.024079e-03, -1.956316e-03],
  [-8.023703e-03, -2.483059e-03, -3.024079e-03, -1.956316e-03],
  [-8.023703e-03, -2.483059e-03, -3.024079e-03, -1.956316e-03],
  [-8.023703e-03, -2.483059e-03, -3.024079e-03, -1.956316e-03],
  [-8.023703e-03, -2.483059e-03, -3.024079e-03, -1.956316e-03],
  [-8.023703e-03, -2.483059e-03, -3.024079e-03, -1.956316e-03],
  [-8.023703e-03, -2.483059e-03, -3.024079e-03, -1.956316e-03],
  [-8.023703e-03, -2.483059e-03, -3.024079e-03, -1.956316e-03],
  [-8.023703e-03, -2.483059e-03, -3.024079e-03, -1.956316e-03],
  [-8.023703e-03, -2.483059e-03, -3.024079e-03, -1.956316e-03],
  [-8.023703e-03, -2.483059e-03, -3.024079e-03, -1.956316e-03],
  [-8.023703e-03, -2.483059e-03, -3.024079e-03, -1.956316e-03],
  [-8.023703e-03, -2.483059e-03, -3.024079e-03, -1.956316e-03],
  [-8.023703e-03, -2.483059e-03, -3.024079e-03, -1.956316e-03],
  [-8.023703e-03, -2.483059e-03, -3.024079e-03, -1.956316e-03],
  [-8.023703e-03, -2.483059e-03, -3.024079e-03, -1.956316e-03],
  [-8.023703e-03, -2.483059e-03, -3.024079e-03, -1.956316e-03],
  [-8.023703e-03, -2.483059e-03, -3.024079e-03, -1.956316e-03],
  [-8.023703e-03, -2.483059e-03, -3.024079e-03, -1.956316e-03],
  [-8.023703e-03, -2.483059e-03, -3.024079e-03, -1.956316e-03],
  [-8.023703e-03, -2.483059e-03, -3.024079e-03, -1.956316e-03],
  [-8.023703e-03, -2.483059e-03, -3.024079e-03, -1.956316e-03],
  [-8.023703e-03, -2.483059e-03, -3.024079e-03, -1.956316e-03],
  [-8.023703e-03, -2.483059e-03, -3.024079e-03, -1.956316e-03],
  [-8.023703e-03, -2.483059e-03, -3.024079e-03, -1.956316e-03],
  [-8.023703e-03, -2.483059e-03, -3.024079e-03, -1.956316e-03],
  [-8.023703e-03, -2.483059e-03, -3.024079e-03, -1.956316e-03],
  [-8.023703e-03, -2.483059e-03, -3.024079e-03, -1.956316e-03],
  [-8.023703e-03, -2.483059e-03, -3.024079e-03, -1.956316e-03],
  [-8.023703e-03, -2.483059e-03, -3.024079e-03, -1.956316e-03],
  [-8.023703e-03, -2.483059e-03, -3.024079e-03, -1.956316e-03],
  [-8.023703e-03, -2.483059e-03, -3.024079e-03, -1.956316e-03],
  [-8.023703e-03, -2.483059e-03, -3.024079e-03, -1.956316e-03],
  [-8.023703e-03, -2.483059e-03, -3.024079e-03, -1.956316e-03],
  [-8.023703e-03, -2.483059e-03, -3.024079e-03, -1.956316e-03],
  [-8.023703e-03, -2.483059e-03, -3.024079e-03, -1.956316e-03],
  [-8.023703e-03, -2.483059e-03, -3.024079e-03, -1.956316e-03],
  [-8.023703e-03, -2.483059e-03, -3.024079e-03, -1.956316e-03],
  [-8.023703e-03, -2.483059e-03, -3.024079e-03, -1.956316e-03],
  [-8.023703e-03, -2.483059e-03, -3.024079e-03, -1.956316e-03],
  [-8.023703e-03, -2.483059e-03, -3.024079e-03, -1.956316e-03],
  [-8.023703e-03, -2.483059e-03, -3.024079e-03, -1.956316e-03],
  [-8.023703e-03, -2.483059e-03, -3.024079e-03, -1.956316e-03],
  [-8.023703e-03, -2.483059e-03, -3.024079e-03, -1.956316e-03],
  [-8.023703e-03, -2.483059e-03, -3.024079e-03, -1.956316e-03],
  [-8.023703e-03, -2.483059e-03, -3.024079e-03, -1.956316e-03],
  [-8.023703e-03, -2.483059e-03, -3.024079e-03, -1.956316e-03],
  [-8.023703e-03, -2.483059e-03, -3.024079e-03, -1.956316e-03],
  [-8.023703e-03, -2.483059e-03, -3.024079e-03, -1.956316e-03],
  [-8.023703e-03, -2.483059e-03, -3.024079e-03, -1.956316e-03],
  [-8.023703e-03, -2.483059e-03, -3.024079e-03, -1.956316e-03],
  [-8.023703e-03, -2.483059e-03, -3.024079e-03, -1.956316e-03],
  [-8.023703e-03, -2.483059e-03, -3.024079e-03, -1.956316e-03],
  [-8.023703e-03, -2.483059e-03, -3.024079e-03, -1.956316e-03],
  [-8.023703e-03, -2.483059e-03, -3.024079e-03, -1.956316e-03],
  [-8.023703e-03, -2.483059e-03, -3.024079e-03, -1.956316e-03],
  [-8.023703e-03, -2.483059e-03, -3.024079e-03, -1.956316e-03],
  [-8.023703e-03, -2.483059e-03, -3.024079e-03, -1.956316e-03],
  [-8.023703e-03, -2.483059e-03, -3.024079e-03, -1.956316e-03],
  [-8.023703e-03, -2.483059e-03, -3.024079e-03, -1.956316e-03],
  [-8.023703e-03, -2.483059e-03, -3.024079e-03, -1.956316e-03],
  [-8.023703e-03, -2.483059e-03, -3.024079e-03, -1.956316e-03],
  [-8.023703e-03, -2.483059e-03, -3.024079e-03, -1.956316e-03],
  [ 2.028702e-02,  9.941778e-05, -1.125302e-02, -1.745112e-02],
  [ 3.257119e-01, -3.278049e-01, -2.932310e-01, -3.154762e-01],
  [ 3.906846e-03, -2.139239e-03, -4.795418e-03,  3.680626e-03],
  [-2.721090e-02,  3.807532e-02,  5.096167e-02,  6.401943e-02]]]


============================================================
Camada: lstm
Shape: (1, 16)
============================================================

[[-0.094319, -0.131712, -0.131742,  0.095825,  0.148984, -0.06261 ,
  -0.118577,  0.007657, -0.076179,  0.093947,  0.097734,  0.089056,
  -0.064848, -0.062407, -0.088284, -0.131253]]


============================================================
Camada: dropout
Shape: (1, 16)
============================================================

[[-0.094319, -0.131712, -0.131742,  0.095825,  0.148984, -0.06261 ,
  -0.118577,  0.007657, -0.076179,  0.093947,  0.097734,  0.089056,
  -0.064848, -0.062407, -0.088284, -0.131253]]


============================================================
Camada: dense
Shape: (1, 32)
============================================================

[[0.      , 0.245046, 0.      , 0.      , 0.      , 0.328052, 0.      ,
  0.      , 0.      , 0.325636, 0.061423, 0.      , 0.302043, 0.      ,
  0.358449, 0.394999, 0.306931, 0.22372 , 0.40291 , 0.321715, 0.      ,
  0.      , 0.333386, 0.      , 0.339255, 0.426313, 0.39926 , 0.233059,
  0.429432, 0.399958, 0.325571, 0.      ]]


============================================================
Camada: dropout_1
Shape: (1, 32)
============================================================

[[0.      , 0.245046, 0.      , 0.      , 0.      , 0.328052, 0.      ,
  0.      , 0.      , 0.325636, 0.061423, 0.      , 0.302043, 0.      ,
  0.358449, 0.394999, 0.306931, 0.22372 , 0.40291 , 0.321715, 0.      ,
  0.      , 0.333386, 0.      , 0.339255, 0.426313, 0.39926 , 0.233059,
  0.429432, 0.399958, 0.325571, 0.      ]]


============================================================
Camada: dense_1
Shape: (1, 1)
============================================================

[[0.103695]]

