
============================================================
Camada: embedding
Shape: (1, 120, 4)
============================================================

[[[-8.023703e-03, -2.483059e-03, -3.024079e-03, -1.956316e-03],
  [-8.023703e-03, -2.483059e-03, -3.024079e-03, -1.956316e-03],
  [-8.023703e-03, -2.483059e-03, -3.024079e-03, -1.956316e-03],
  [-8.023703e-03, -2.483059e-03, -3.024079e-03, -1.956316e-03],
  [-8.023703e-03, -2.483059e-03, -3.024079e-03, -1.956316e-03],
  [-8.023703e-03, -2.483059e-03, -3.024079e-03, -1.956316e-03],
  [-8.023703e-03, -2.483059e-03, -3.024079e-03, -1.956316e-03],
  [-8.023703e-03, -2.483059e-03, -3.024079e-03, -1.956316e-03],
  [-8.023703e-03, -2.483059e-03, -3.024079e-03, -1.956316e-03],
  [-8.023703e-03, -2.483059e-03, -3.024079e-03, -1.956316e-03],
  [-8.023703e-03, -2.483059e-03, -3.024079e-03, -1.956316e-03],
  [-2.571818e-02,  1.361708e-02, -1.078396e-02, -3.766422e-02],
  [-7.820031e-02,  3.821529e-02,  9.122088e-02,  1.238999e-01],
  [ 2.028702e-02,  9.941778e-05, -1.125302e-02, -1.745112e-02],
  [ 7.669983e-03,  1.369163e-02, -1.365021e-02,  2.454776e-02],
  [-1.676407e-03, -5.812779e-02, -2.927158e-02, -4.370061e-02],
  [ 4.688180e-02, -2.956526e-02, -3.176213e-02,  1.765045e-02],
  [ 1.714323e-02,  1.040007e-03,  1.903245e-02,  2.899945e-02],
  [-1.676407e-03, -5.812779e-02, -2.927158e-02, -4.370061e-02],
  [-1.633916e-02,  1.028238e-01,  6.099650e-02,  4.255281e-02],
  [ 7.160561e-02, -6.533685e-02, -4.613940e-02, -4.049720e-02],
  [ 3.920405e-02, -5.249837e-02, -1.014434e-01, -1.051878e-01],
  [-2.475245e-02,  3.387075e-02,  2.520700e-02, -4.896592e-03],
  [ 5.782891e-02, -1.794398e-02, -1.746520e-03, -5.118031e-02],
  [-8.540383e-03,  3.474431e-03, -1.113423e-04, -1.396768e-02],
  [-9.499061e-02,  1.359175e-01,  8.740795e-02,  1.000973e-01],
  [ 2.028702e-02,  9.941778e-05, -1.125302e-02, -1.745112e-02],
  [-5.552826e-03,  1.122550e-02,  1.606214e-02,  2.972968e-02],
  [ 1.281968e-02, -4.000768e-02, -2.290912e-02, -5.915045e-02],
  [-3.301889e-02,  5.947251e-02,  4.722514e-02,  6.010732e-02],
  [ 2.028702e-02,  9.941778e-05, -1.125302e-02, -1.745112e-02],
  [ 7.084845e-03, -2.402894e-02, -1.576806e-02, -1.821923e-02],
  [ 1.063607e-02,  3.155949e-02,  5.178406e-02,  7.981125e-03],
  [ 2.028702e-02,  9.941778e-05, -1.125302e-02, -1.745112e-02],
  [-5.798372e-03,  2.663566e-02,  1.076510e-02,  1.934435e-02],
  [ 8.069421e-02,  1.776261e-02, -6.150878e-02, -2.280304e-02],
  [ 4.828449e-02, -2.306098e-03, -5.461461e-02, -4.154458e-02],
  [-2.252853e-02,  2.085399e-02,  2.358884e-03,  3.230511e-02],
  [-1.016758e-01,  7.277932e-02,  6.086052e-02,  6.391153e-02],
  [-2.252853e-02,  2.085399e-02,  2.358884e-03,  3.230511e-02],
  [-5.254607e-02,  2.303280e-02, -8.799496e-03,  4.264648e-02],
  [-5.798372e-03,  2.663566e-02,  1.076510e-02,  1.934435e-02],
  [ 2.766257e-02,  2.296382e-02, -1.052065e-02, -1.036297e-02],
  [ 2.212846e-01, -2.120699e-01, -1.936720e-01, -2.522128e-01],
  [ 7.084845e-03, -2.402894e-02, -1.576806e-02, -1.821923e-02],
  [ 1.063607e-02,  3.155949e-02,  5.178406e-02,  7.981125e-03],
  [ 4.780291e-03,  4.221549e-03,  2.445737e-02, -8.956137e-03],
  [ 2.352953e-02, -1.134690e-02, -1.490650e-02, -2.965926e-02],
  [-1.220018e-02,  2.961788e-02, -9.652256e-03, -2.597312e-02],
  [ 2.028702e-02,  9.941778e-05, -1.125302e-02, -1.745112e-02],
  [ 2.212846e-01, -2.120699e-01, -1.936720e-01, -2.522128e-01],
  [-1.220018e-02,  2.961788e-02, -9.652256e-03, -2.597312e-02],
  [-5.780402e-03, -2.294505e-03, -3.785572e-02,  1.611814e-02],
  [-1.036306e-02,  3.792770e-02, -1.974385e-02,  3.648672e-02],
  [-1.967862e-02, -9.424611e-03,  1.769518e-02,  8.394913e-02],
  [-1.027287e-01,  8.194172e-02,  3.843351e-02,  3.473447e-02],
  [-2.028956e-02, -3.665248e-02,  2.252294e-02, -3.068793e-02],
  [-3.238051e-03, -4.574945e-02, -4.755024e-02,  2.310442e-02],
  [ 4.892342e-02,  2.130055e-02,  3.680444e-02,  6.232851e-02],
  [-3.299055e-02,  9.813484e-02,  2.856154e-02,  9.517656e-02],
  [ 1.023532e-02, -7.154733e-02, -2.135802e-02,  1.228872e-02],
  [-3.643660e-02,  1.652718e-02,  7.971132e-03, -1.380816e-02],
  [-6.163688e-03,  4.438008e-02,  1.639523e-03,  8.486203e-04],
  [-8.496148e-03, -3.629044e-03, -6.207193e-02, -2.222456e-02],
  [ 2.028702e-02,  9.941778e-05, -1.125302e-02, -1.745112e-02],
  [ 1.063607e-02,  3.155949e-02,  5.178406e-02,  7.981125e-03],
  [-3.643660e-02,  1.652718e-02,  7.971132e-03, -1.380816e-02],
  [-1.269013e-02, -7.259316e-02, -6.812076e-02, -9.360436e-02],
  [ 4.372813e-03,  1.104462e-02, -5.823448e-02, -2.769742e-02],
  [ 6.411096e-02,  2.641932e-03,  3.675036e-02, -1.986755e-02],
  [ 1.023532e-02, -7.154733e-02, -2.135802e-02,  1.228872e-02],
  [-3.148515e-02,  2.758811e-03,  2.499176e-02, -8.552905e-03],
  [-2.318063e-02,  5.494552e-02,  5.914810e-02,  2.033548e-02],
  [ 2.204876e-02,  5.075182e-02,  4.328804e-02,  4.896731e-02],
  [ 4.588439e-02, -3.045589e-02,  1.110635e-02, -3.777784e-02],
  [-2.773094e-02, -4.525171e-02, -3.452141e-02, -4.127955e-02],
  [-2.241419e-02,  3.685628e-02, -2.174631e-02, -2.140914e-02],
  [-1.000475e-02,  2.455050e-02,  2.937376e-02,  7.025666e-03],
  [-2.045005e-02,  7.592683e-03,  3.495089e-02, -2.647492e-03],
  [ 2.028702e-02,  9.941778e-05, -1.125302e-02, -1.745112e-02],
  [-2.045005e-02,  7.592683e-03,  3.495089e-02, -2.647492e-03],
  [-2.443167e-02,  1.566902e-02,  2.231732e-02, -3.796127e-02],
  [ 2.028702e-02,  9.941778e-05, -1.125302e-02, -1.745112e-02],
  [-2.615813e-02, -8.662331e-03,  7.262467e-02,  4.811761e-02],
  [-2.241419e-02,  3.685628e-02, -2.174631e-02, -2.140914e-02],
  [ 2.028702e-02,  9.941778e-05, -1.125302e-02, -1.745112e-02],
  [-6.764111e-02,  3.888479e-02,  7.454878e-02,  4.713792e-02],
  [ 7.160561e-02, -6.533685e-02, -4.613940e-02, -4.049720e-02],
  [ 2.028702e-02,  9.941778e-05, -1.125302e-02, -1.745112e-02],
  [ 2.028702e-02,  9.941778e-05, -1.125302e-02, -1.745112e-02],
  [ 2.779319e-02, -4.346249e-02,  1.419835e-02, -2.913840e-02],
  [ 2.894206e-02,  5.167540e-02,  8.506110e-02,  2.572854e-02],
  [ 2.028702e-02,  9.941778e-05, -1.125302e-02, -1.745112e-02],
  [ 5.584118e-02,  2.056396e-02, -1.340576e-02,  3.245962e-02],
  [ 1.348780e-02,  2.018642e-02, -4.308514e-02,  2.473497e-03],
  [ 3.653174e-02, -5.459287e-02, -3.656207e-02, -1.950540e-02],
  [ 2.028702e-02,  9.941778e-05, -1.125302e-02, -1.745112e-02],
  [ 1.871002e-02, -6.040237e-02, -4.114597e-02,  6.784506e-03],
  [ 2.212846e-01, -2.120699e-01, -1.936720e-01, -2.522128e-01],
  [-1.220018e-02,  2.961788e-02, -9.652256e-03, -2.597312e-02],
  [ 1.898302e-02, -1.255147e-02, -4.748677e-02,  1.284381e-02],
  [ 2.028702e-02,  9.941778e-05, -1.125302e-02, -1.745112e-02],
  [ 2.028702e-02,  9.941778e-05, -1.125302e-02, -1.745112e-02],
  [ 1.348780e-02,  2.018642e-02, -4.308514e-02,  2.473497e-03],
  [-3.754490e-02, -2.045823e-02,  2.088603e-02, -2.784503e-02],
  [-3.754490e-02, -2.045823e-02,  2.088603e-02, -2.784503e-02],
  [-2.052539e-02,  1.611129e-02, -2.761153e-02,  1.996410e-02],
  [ 2.028702e-02,  9.941778e-05, -1.125302e-02, -1.745112e-02],
  [ 2.028702e-02,  9.941778e-05, -1.125302e-02, -1.745112e-02],
  [ 4.351171e-02, -7.823020e-03,  1.355349e-02, -5.551156e-02],
  [-2.580989e-02,  6.093478e-02,  5.016537e-02,  3.162739e-02],
  [ 1.907628e-02,  3.837629e-02, -3.848369e-02, -3.275474e-02],
  [-3.301889e-02,  5.947251e-02,  4.722514e-02,  6.010732e-02],
  [ 2.028702e-02,  9.941778e-05, -1.125302e-02, -1.745112e-02],
  [-1.220018e-02,  2.961788e-02, -9.652256e-03, -2.597312e-02],
  [ 1.739576e-01, -2.027673e-01, -1.864862e-01, -2.193706e-01],
  [ 2.212846e-01, -2.120699e-01, -1.936720e-01, -2.522128e-01],
  [-3.261611e-02,  1.145694e-02,  5.075087e-02,  1.900740e-02],
  [ 1.092033e-02, -3.311133e-02, -3.391300e-02, -2.224139e-02],
  [-8.350115e-02,  4.114103e-02,  6.032325e-02,  9.767384e-02]]]


============================================================
Camada: spatial_dropout1d
Shape: (1, 120, 4)
============================================================

[[[-8.023703e-03, -2.483059e-03, -3.024079e-03, -1.956316e-03],
  [-8.023703e-03, -2.483059e-03, -3.024079e-03, -1.956316e-03],
  [-8.023703e-03, -2.483059e-03, -3.024079e-03, -1.956316e-03],
  [-8.023703e-03, -2.483059e-03, -3.024079e-03, -1.956316e-03],
  [-8.023703e-03, -2.483059e-03, -3.024079e-03, -1.956316e-03],
  [-8.023703e-03, -2.483059e-03, -3.024079e-03, -1.956316e-03],
  [-8.023703e-03, -2.483059e-03, -3.024079e-03, -1.956316e-03],
  [-8.023703e-03, -2.483059e-03, -3.024079e-03, -1.956316e-03],
  [-8.023703e-03, -2.483059e-03, -3.024079e-03, -1.956316e-03],
  [-8.023703e-03, -2.483059e-03, -3.024079e-03, -1.956316e-03],
  [-8.023703e-03, -2.483059e-03, -3.024079e-03, -1.956316e-03],
  [-2.571818e-02,  1.361708e-02, -1.078396e-02, -3.766422e-02],
  [-7.820031e-02,  3.821529e-02,  9.122088e-02,  1.238999e-01],
  [ 2.028702e-02,  9.941778e-05, -1.125302e-02, -1.745112e-02],
  [ 7.669983e-03,  1.369163e-02, -1.365021e-02,  2.454776e-02],
  [-1.676407e-03, -5.812779e-02, -2.927158e-02, -4.370061e-02],
  [ 4.688180e-02, -2.956526e-02, -3.176213e-02,  1.765045e-02],
  [ 1.714323e-02,  1.040007e-03,  1.903245e-02,  2.899945e-02],
  [-1.676407e-03, -5.812779e-02, -2.927158e-02, -4.370061e-02],
  [-1.633916e-02,  1.028238e-01,  6.099650e-02,  4.255281e-02],
  [ 7.160561e-02, -6.533685e-02, -4.613940e-02, -4.049720e-02],
  [ 3.920405e-02, -5.249837e-02, -1.014434e-01, -1.051878e-01],
  [-2.475245e-02,  3.387075e-02,  2.520700e-02, -4.896592e-03],
  [ 5.782891e-02, -1.794398e-02, -1.746520e-03, -5.118031e-02],
  [-8.540383e-03,  3.474431e-03, -1.113423e-04, -1.396768e-02],
  [-9.499061e-02,  1.359175e-01,  8.740795e-02,  1.000973e-01],
  [ 2.028702e-02,  9.941778e-05, -1.125302e-02, -1.745112e-02],
  [-5.552826e-03,  1.122550e-02,  1.606214e-02,  2.972968e-02],
  [ 1.281968e-02, -4.000768e-02, -2.290912e-02, -5.915045e-02],
  [-3.301889e-02,  5.947251e-02,  4.722514e-02,  6.010732e-02],
  [ 2.028702e-02,  9.941778e-05, -1.125302e-02, -1.745112e-02],
  [ 7.084845e-03, -2.402894e-02, -1.576806e-02, -1.821923e-02],
  [ 1.063607e-02,  3.155949e-02,  5.178406e-02,  7.981125e-03],
  [ 2.028702e-02,  9.941778e-05, -1.125302e-02, -1.745112e-02],
  [-5.798372e-03,  2.663566e-02,  1.076510e-02,  1.934435e-02],
  [ 8.069421e-02,  1.776261e-02, -6.150878e-02, -2.280304e-02],
  [ 4.828449e-02, -2.306098e-03, -5.461461e-02, -4.154458e-02],
  [-2.252853e-02,  2.085399e-02,  2.358884e-03,  3.230511e-02],
  [-1.016758e-01,  7.277932e-02,  6.086052e-02,  6.391153e-02],
  [-2.252853e-02,  2.085399e-02,  2.358884e-03,  3.230511e-02],
  [-5.254607e-02,  2.303280e-02, -8.799496e-03,  4.264648e-02],
  [-5.798372e-03,  2.663566e-02,  1.076510e-02,  1.934435e-02],
  [ 2.766257e-02,  2.296382e-02, -1.052065e-02, -1.036297e-02],
  [ 2.212846e-01, -2.120699e-01, -1.936720e-01, -2.522128e-01],
  [ 7.084845e-03, -2.402894e-02, -1.576806e-02, -1.821923e-02],
  [ 1.063607e-02,  3.155949e-02,  5.178406e-02,  7.981125e-03],
  [ 4.780291e-03,  4.221549e-03,  2.445737e-02, -8.956137e-03],
  [ 2.352953e-02, -1.134690e-02, -1.490650e-02, -2.965926e-02],
  [-1.220018e-02,  2.961788e-02, -9.652256e-03, -2.597312e-02],
  [ 2.028702e-02,  9.941778e-05, -1.125302e-02, -1.745112e-02],
  [ 2.212846e-01, -2.120699e-01, -1.936720e-01, -2.522128e-01],
  [-1.220018e-02,  2.961788e-02, -9.652256e-03, -2.597312e-02],
  [-5.780402e-03, -2.294505e-03, -3.785572e-02,  1.611814e-02],
  [-1.036306e-02,  3.792770e-02, -1.974385e-02,  3.648672e-02],
  [-1.967862e-02, -9.424611e-03,  1.769518e-02,  8.394913e-02],
  [-1.027287e-01,  8.194172e-02,  3.843351e-02,  3.473447e-02],
  [-2.028956e-02, -3.665248e-02,  2.252294e-02, -3.068793e-02],
  [-3.238051e-03, -4.574945e-02, -4.755024e-02,  2.310442e-02],
  [ 4.892342e-02,  2.130055e-02,  3.680444e-02,  6.232851e-02],
  [-3.299055e-02,  9.813484e-02,  2.856154e-02,  9.517656e-02],
  [ 1.023532e-02, -7.154733e-02, -2.135802e-02,  1.228872e-02],
  [-3.643660e-02,  1.652718e-02,  7.971132e-03, -1.380816e-02],
  [-6.163688e-03,  4.438008e-02,  1.639523e-03,  8.486203e-04],
  [-8.496148e-03, -3.629044e-03, -6.207193e-02, -2.222456e-02],
  [ 2.028702e-02,  9.941778e-05, -1.125302e-02, -1.745112e-02],
  [ 1.063607e-02,  3.155949e-02,  5.178406e-02,  7.981125e-03],
  [-3.643660e-02,  1.652718e-02,  7.971132e-03, -1.380816e-02],
  [-1.269013e-02, -7.259316e-02, -6.812076e-02, -9.360436e-02],
  [ 4.372813e-03,  1.104462e-02, -5.823448e-02, -2.769742e-02],
  [ 6.411096e-02,  2.641932e-03,  3.675036e-02, -1.986755e-02],
  [ 1.023532e-02, -7.154733e-02, -2.135802e-02,  1.228872e-02],
  [-3.148515e-02,  2.758811e-03,  2.499176e-02, -8.552905e-03],
  [-2.318063e-02,  5.494552e-02,  5.914810e-02,  2.033548e-02],
  [ 2.204876e-02,  5.075182e-02,  4.328804e-02,  4.896731e-02],
  [ 4.588439e-02, -3.045589e-02,  1.110635e-02, -3.777784e-02],
  [-2.773094e-02, -4.525171e-02, -3.452141e-02, -4.127955e-02],
  [-2.241419e-02,  3.685628e-02, -2.174631e-02, -2.140914e-02],
  [-1.000475e-02,  2.455050e-02,  2.937376e-02,  7.025666e-03],
  [-2.045005e-02,  7.592683e-03,  3.495089e-02, -2.647492e-03],
  [ 2.028702e-02,  9.941778e-05, -1.125302e-02, -1.745112e-02],
  [-2.045005e-02,  7.592683e-03,  3.495089e-02, -2.647492e-03],
  [-2.443167e-02,  1.566902e-02,  2.231732e-02, -3.796127e-02],
  [ 2.028702e-02,  9.941778e-05, -1.125302e-02, -1.745112e-02],
  [-2.615813e-02, -8.662331e-03,  7.262467e-02,  4.811761e-02],
  [-2.241419e-02,  3.685628e-02, -2.174631e-02, -2.140914e-02],
  [ 2.028702e-02,  9.941778e-05, -1.125302e-02, -1.745112e-02],
  [-6.764111e-02,  3.888479e-02,  7.454878e-02,  4.713792e-02],
  [ 7.160561e-02, -6.533685e-02, -4.613940e-02, -4.049720e-02],
  [ 2.028702e-02,  9.941778e-05, -1.125302e-02, -1.745112e-02],
  [ 2.028702e-02,  9.941778e-05, -1.125302e-02, -1.745112e-02],
  [ 2.779319e-02, -4.346249e-02,  1.419835e-02, -2.913840e-02],
  [ 2.894206e-02,  5.167540e-02,  8.506110e-02,  2.572854e-02],
  [ 2.028702e-02,  9.941778e-05, -1.125302e-02, -1.745112e-02],
  [ 5.584118e-02,  2.056396e-02, -1.340576e-02,  3.245962e-02],
  [ 1.348780e-02,  2.018642e-02, -4.308514e-02,  2.473497e-03],
  [ 3.653174e-02, -5.459287e-02, -3.656207e-02, -1.950540e-02],
  [ 2.028702e-02,  9.941778e-05, -1.125302e-02, -1.745112e-02],
  [ 1.871002e-02, -6.040237e-02, -4.114597e-02,  6.784506e-03],
  [ 2.212846e-01, -2.120699e-01, -1.936720e-01, -2.522128e-01],
  [-1.220018e-02,  2.961788e-02, -9.652256e-03, -2.597312e-02],
  [ 1.898302e-02, -1.255147e-02, -4.748677e-02,  1.284381e-02],
  [ 2.028702e-02,  9.941778e-05, -1.125302e-02, -1.745112e-02],
  [ 2.028702e-02,  9.941778e-05, -1.125302e-02, -1.745112e-02],
  [ 1.348780e-02,  2.018642e-02, -4.308514e-02,  2.473497e-03],
  [-3.754490e-02, -2.045823e-02,  2.088603e-02, -2.784503e-02],
  [-3.754490e-02, -2.045823e-02,  2.088603e-02, -2.784503e-02],
  [-2.052539e-02,  1.611129e-02, -2.761153e-02,  1.996410e-02],
  [ 2.028702e-02,  9.941778e-05, -1.125302e-02, -1.745112e-02],
  [ 2.028702e-02,  9.941778e-05, -1.125302e-02, -1.745112e-02],
  [ 4.351171e-02, -7.823020e-03,  1.355349e-02, -5.551156e-02],
  [-2.580989e-02,  6.093478e-02,  5.016537e-02,  3.162739e-02],
  [ 1.907628e-02,  3.837629e-02, -3.848369e-02, -3.275474e-02],
  [-3.301889e-02,  5.947251e-02,  4.722514e-02,  6.010732e-02],
  [ 2.028702e-02,  9.941778e-05, -1.125302e-02, -1.745112e-02],
  [-1.220018e-02,  2.961788e-02, -9.652256e-03, -2.597312e-02],
  [ 1.739576e-01, -2.027673e-01, -1.864862e-01, -2.193706e-01],
  [ 2.212846e-01, -2.120699e-01, -1.936720e-01, -2.522128e-01],
  [-3.261611e-02,  1.145694e-02,  5.075087e-02,  1.900740e-02],
  [ 1.092033e-02, -3.311133e-02, -3.391300e-02, -2.224139e-02],
  [-8.350115e-02,  4.114103e-02,  6.032325e-02,  9.767384e-02]]]


============================================================
Camada: lstm
Shape: (1, 16)
============================================================

[[-0.302184, -0.329679, -0.280268,  0.233961,  0.30516 , -0.062755,
  -0.304469,  0.032157, -0.188111,  0.188119,  0.223223,  0.152199,
  -0.126164, -0.119608, -0.191359, -0.246493]]


============================================================
Camada: dropout
Shape: (1, 16)
============================================================

[[-0.302184, -0.329679, -0.280268,  0.233961,  0.30516 , -0.062755,
  -0.304469,  0.032157, -0.188111,  0.188119,  0.223223,  0.152199,
  -0.126164, -0.119608, -0.191359, -0.246493]]


============================================================
Camada: dense
Shape: (1, 32)
============================================================

[[0.      , 0.451479, 0.      , 0.      , 0.      , 0.601808, 0.010522,
  0.      , 0.      , 0.652799, 0.17896 , 0.      , 0.568451, 0.      ,
  0.701267, 0.836004, 0.613213, 0.459606, 0.768747, 0.660447, 0.      ,
  0.      , 0.694671, 0.      , 0.655356, 0.891967, 0.801408, 0.43757 ,
  0.916207, 0.831986, 0.680094, 0.      ]]


============================================================
Camada: dropout_1
Shape: (1, 32)
============================================================

[[0.      , 0.451479, 0.      , 0.      , 0.      , 0.601808, 0.010522,
  0.      , 0.      , 0.652799, 0.17896 , 0.      , 0.568451, 0.      ,
  0.701267, 0.836004, 0.613213, 0.459606, 0.768747, 0.660447, 0.      ,
  0.      , 0.694671, 0.      , 0.655356, 0.891967, 0.801408, 0.43757 ,
  0.916207, 0.831986, 0.680094, 0.      ]]


============================================================
Camada: dense_1
Shape: (1, 1)
============================================================

[[0.01185]]

