# Saída da LSTM - Valores em float32 (Q8.24)
# Formato: [Arquivo] [Neuron] [Value]
#----------------------------------------
0           0 0.127866
0           1 -0.239902
1           0 -0.184946
1           1 0.230206
2           0 -0.328604
2           1 0.381345
3           0 -0.592351
3           1 0.500729
4           0 0.075865
4           1 -0.097887
5           0 -0.500370
5           1 0.493766
6           0 -0.424994
6           1 0.459127
7           0 0.152311
7           1 -0.208566
8           0 -0.283512
8           1 0.297543
9           0 -0.033393
9           1 0.013450
10           0 0.017507
10           1 -0.009585
11           0 -0.366338
11           1 0.423842
12           0 0.059467
12           1 -0.087090
13           0 0.220283
13           1 -0.267188
14           0 0.179212
14           1 -0.262222
15           0 0.062719
15           1 -0.097159
16           0 -0.180664
16           1 0.208468
17           0 -0.404704
17           1 0.411388
18           0 0.110833
18           1 -0.147169
19           0 -0.132885
19           1 0.135971
20           0 -0.034065
20           1 0.081992
21           0 -0.235145
21           1 0.229458
22           0 0.026661
22           1 -0.028432
23           0 -0.233400
23           1 0.276868
24           0 -0.228958
24           1 0.255685
25           0 -0.399591
25           1 0.438488
26           0 -0.005259
26           1 0.017836
27           0 -0.357491
27           1 0.366150
28           0 -0.253197
28           1 0.291478
29           0 0.174143
29           1 -0.191097
30           0 -0.112687
30           1 0.140223
31           0 0.047585
31           1 -0.089752
32           0 -0.089237
32           1 0.119618
33           0 0.189775
33           1 -0.215334
34           0 -0.378645
34           1 0.411917
35           0 -0.019731
35           1 0.021374
36           0 -0.006157
36           1 -0.022009
37           0 0.162423
37           1 -0.175644
38           0 0.109631
38           1 -0.076778
39           0 -0.192498
39           1 0.162289
40           0 0.185564
40           1 -0.254722
41           0 0.085059
41           1 -0.184750
42           0 0.195943
42           1 -0.222937
43           0 0.024482
43           1 -0.031774
44           0 -0.130164
44           1 0.147458
45           0 0.050232
45           1 -0.065698
46           0 -0.242808
46           1 0.275827
47           0 -0.296199
47           1 0.380087
48           0 -0.337964
48           1 0.364549
49           0 0.098937
49           1 -0.130494
